date,home,home_pre_rating,home_rating_delta,home_post_rating,away,away_pre_rating,away_rating_delta,away_post_rating
2000-05-20,Málaga CF,1915,-3,1912,Racing Santander,1901,3,1904
2000-05-20,Real Oviedo,1890,-12,1878,Real Sociedad,1914,12,1926
2000-05-20,CD Numancia,1859,-13,1846,Real Betis,1834,13,1847
2000-05-19,Valencia CF,2104,5,2109,Real Zaragoza,2032,-5,2027
2000-05-19,FC Barcelona,2074,-6,2068,Celta Vigo,1951,6,1957
2000-05-19,Real Madrid,2071,-17,2054,Real Valladolid,1900,17,1917
2000-05-19,Deportivo La Coruña,1998,9,2007,Espanyol Barcelona,1958,-9,1949
2000-05-19,Athletic Bilbao,1918,8,1926,CD Alavés,1950,-8,1942
2000-05-19,RCD Mallorca,1963,-15,1948,Atlético Madrid,1869,15,1884
2000-05-19,Sevilla FC,1767,-9,1758,Rayo Vallecano,1895,9,1904
2000-05-14,Celta Vigo,1949,2,1951,Valencia CF,2106,-2,2104
2000-05-14,Real Sociedad,1912,2,1914,FC Barcelona,2076,-2,2074
2000-05-14,Real Zaragoza,2027,5,2032,Málaga CF,1920,-5,1915
2000-05-14,Real Betis,1844,-10,1834,Real Madrid,2061,10,2071
2000-05-14,Racing Santander,1901,0,1901,Deportivo La Coruña,1998,0,1998
2000-05-14,Espanyol Barcelona,1962,-4,1958,Athletic Bilbao,1914,4,1918
2000-05-14,Real Valladolid,1890,10,1900,RCD Mallorca,1973,-10,1963
2000-05-14,CD Alavés,1955,-5,1950,CD Numancia,1854,5,1859
2000-05-14,Rayo Vallecano,1909,-14,1895,Real Oviedo,1876,14,1890
2000-05-13,Atlético Madrid,1874,-5,1869,Sevilla FC,1762,5,1767
2000-05-07,Deportivo La Coruña,2000,-2,1998,Real Zaragoza,2025,2,2027
2000-05-07,Málaga CF,1933,-13,1920,Celta Vigo,1936,13,1949
2000-05-07,Athletic Bilbao,1917,-3,1914,Racing Santander,1898,3,1901
2000-05-07,Real Oviedo,1879,-3,1876,Atlético Madrid,1871,3,1874
2000-05-07,Sevilla FC,1776,-14,1762,RCD Mallorca,1959,14,1973
2000-05-07,Real Valladolid,1917,-27,1890,Real Betis,1817,27,1844
2000-05-06,Valencia CF,2113,6,2119,Real Sociedad,1918,-6,1912
2000-05-06,Real Madrid,2085,-16,2069,CD Alavés,1939,16,1955
2000-05-06,FC Barcelona,2089,-26,2063,Rayo Vallecano,1883,26,1909
2000-05-06,CD Numancia,1837,17,1854,Espanyol Barcelona,1979,-17,1962
2000-04-30,Real Zaragoza,2031,-6,2025,Athletic Bilbao,1911,6,1917
2000-04-30,Celta Vigo,1927,9,1936,Deportivo La Coruña,2009,-9,2000
2000-04-30,CD Alavés,1932,7,1939,Real Valladolid,1924,-7,1917
2000-04-30,Real Sociedad,1921,-3,1918,Málaga CF,1930,3,1933
2000-04-30,RCD Mallorca,1951,8,1959,Real Betis,1825,-8,1817
2000-04-30,Racing Santander,1903,-5,1898,CD Numancia,1832,5,1837
2000-04-30,Sevilla FC,1787,-11,1776,Real Oviedo,1868,11,1879
2000-04-29,Espanyol Barcelona,1996,-17,1979,Real Madrid,2046,17,2063
2000-04-29,Atlético Madrid,1883,-12,1871,FC Barcelona,2097,12,2109
2000-04-29,Rayo Vallecano,1894,-11,1883,Valencia CF,2082,11,2093
2000-04-23,Deportivo La Coruña,2001,8,2009,Real Sociedad,1929,-8,1921
2000-04-23,Real Oviedo,1869,-1,1868,RCD Mallorca,1950,1,1951
2000-04-23,Real Betis,1835,-10,1825,CD Alavés,1922,10,1932
2000-04-22,Valencia CF,2077,5,2082,Atlético Madrid,1888,-5,1883
2000-04-22,Real Madrid,2081,-26,2055,Racing Santander,1877,26,1903
2000-04-22,Real Valladolid,1914,10,1924,Espanyol Barcelona,1997,-10,1987
2000-04-22,FC Barcelona,2094,3,2097,Sevilla FC,1790,-3,1787
2000-04-22,CD Numancia,1840,-8,1832,Real Zaragoza,2023,8,2031
2000-04-22,Athletic Bilbao,1903,8,1911,Celta Vigo,1935,-8,1927
2000-04-22,Málaga CF,1920,10,1930,Rayo Vallecano,1904,-10,1894
2000-04-16,Rayo Vallecano,1888,16,1904,Deportivo La Coruña,2017,-16,2001
2000-04-16,RCD Mallorca,1940,10,1950,CD Alavés,1932,-10,1922
2000-04-16,Real Sociedad,1916,13,1929,Athletic Bilbao,1916,-13,1903
2000-04-16,Espanyol Barcelona,1990,7,1997,Real Betis,1842,-7,1835
2000-04-16,Atlético Madrid,1890,-2,1888,Málaga CF,1918,2,1920
2000-04-16,Racing Santander,1879,-2,1877,Real Valladolid,1912,2,1914
2000-04-16,Celta Vigo,1940,-5,1935,CD Numancia,1835,5,1840
2000-04-15,Real Zaragoza,2036,-13,2023,Real Madrid,2044,13,2057
2000-04-15,Real Oviedo,1844,25,1869,FC Barcelona,2097,-25,2072
2000-04-15,Sevilla FC,1795,-5,1790,Valencia CF,2082,5,2087
2000-04-09,FC Barcelona,2153,-31,2122,RCD Mallorca,1909,31,1940
2000-04-09,Real Madrid,2043,5,2048,Celta Vigo,1945,-5,1940
2000-04-09,Real Valladolid,1911,1,1912,Real Zaragoza,2037,-1,2036
2000-04-09,Valencia CF,2077,5,2082,Real Oviedo,1849,-5,1844
2000-04-09,CD Alavés,1933,-1,1932,Espanyol Barcelona,1985,1,1986
2000-04-09,Athletic Bilbao,1930,-14,1916,Rayo Vallecano,1874,14,1888
2000-04-09,CD Numancia,1846,-11,1835,Real Sociedad,1905,11,1916
2000-04-09,Real Betis,1844,-2,1842,Racing Santander,1877,2,1879
2000-04-09,Málaga CF,1910,8,1918,Sevilla FC,1803,-8,1795
2000-04-08,Deportivo La Coruña,2010,7,2017,Atlético Madrid,1872,-7,1865
2000-04-02,FC Barcelona,2167,8,2175,Valencia CF,2060,-8,2052
2000-04-02,RCD Mallorca,1927,-18,1909,Espanyol Barcelona,1967,18,1985
2000-04-02,Real Zaragoza,2034,3,2037,Real Betis,1847,-3,1844
2000-04-02,Celta Vigo,1949,-4,1945,Real Valladolid,1907,4,1911
2000-04-02,Sevilla FC,1814,-11,1803,Deportivo La Coruña,1999,11,2010
2000-04-02,Racing Santander,1878,-1,1877,CD Alavés,1932,1,1933
2000-04-02,Atlético Madrid,1884,-12,1872,Athletic Bilbao,1918,12,1930
2000-04-02,Real Oviedo,1850,-1,1849,Málaga CF,1909,1,1910
2000-04-02,Rayo Vallecano,1878,-4,1874,CD Numancia,1842,4,1846
2000-04-01,Real Sociedad,1904,1,1905,Real Madrid,2042,-1,2041
2000-03-26,Deportivo La Coruña,1993,6,1999,Real Oviedo,1856,-6,1850
2000-03-26,Real Betis,1847,0,1847,Celta Vigo,1949,0,1949
2000-03-25,Málaga CF,1915,-6,1909,FC Barcelona,2161,6,2167
2000-03-25,Valencia CF,2056,4,2060,RCD Mallorca,1931,-4,1927
2000-03-25,CD Alavés,1948,-16,1932,Real Zaragoza,2018,16,2034
2000-03-25,Real Madrid,2049,-7,2042,Rayo Vallecano,1871,7,1878
2000-03-25,Espanyol Barcelona,1962,5,1967,Racing Santander,1883,-5,1878
2000-03-25,Real Valladolid,1900,7,1907,Real Sociedad,1911,-7,1904
2000-03-25,Athletic Bilbao,1924,-6,1918,Sevilla FC,1808,6,1814
2000-03-25,CD Numancia,1826,16,1842,Atlético Madrid,1900,-16,1884
2000-03-19,Real Zaragoza,2022,-4,2018,Espanyol Barcelona,1958,4,1962
2000-03-19,Celta Vigo,1963,-3,1960,CD Alavés,1945,3,1948
2000-03-19,RCD Mallorca,1951,-15,1936,Racing Santander,1868,15,1883
2000-03-19,Real Oviedo,1846,10,1856,Athletic Bilbao,1934,-10,1924
2000-03-19,Rayo Vallecano,1856,15,1871,Real Valladolid,1915,-15,1900
2000-03-19,Real Sociedad,1905,6,1911,Real Betis,1853,-6,1847
2000-03-19,Sevilla FC,1792,16,1808,CD Numancia,1842,-16,1826
2000-03-18,FC Barcelona,2145,4,2149,Deportivo La Coruña,1997,-4,1993
2000-03-18,Valencia CF,2062,-6,2056,Málaga CF,1909,6,1915
2000-03-18,Atlético Madrid,1899,1,1900,Real Madrid,2036,-1,2035
2000-03-12,Deportivo La Coruña,1984,13,1997,Valencia CF,2049,-13,2036
2000-03-12,Espanyol Barcelona,1943,15,1958,Celta Vigo,1983,-15,1968
2000-03-12,Racing Santander,1877,-9,1868,Real Zaragoza,2013,9,2022
2000-03-12,Málaga CF,1910,-1,1909,RCD Mallorca,1974,1,1975
2000-03-12,CD Alavés,1938,7,1945,Real Sociedad,1912,-7,1905
2000-03-12,Real Valladolid,1908,7,1915,Atlético Madrid,1906,-7,1899
2000-03-12,CD Numancia,1845,-3,1842,Real Oviedo,1843,3,1846
2000-03-11,Athletic Bilbao,1949,-15,1934,FC Barcelona,2124,15,2139
2000-03-11,Real Madrid,2035,4,2039,Sevilla FC,1796,-4,1792
2000-03-11,Real Betis,1856,-3,1853,Rayo Vallecano,1853,3,1856
2000-03-05,RCD Mallorca,1984,-2,1982,Real Zaragoza,2011,2,2013
2000-03-05,Málaga CF,1901,9,1910,Deportivo La Coruña,1980,-9,1971
2000-03-05,Real Sociedad,1903,9,1912,Espanyol Barcelona,1952,-9,1943
2000-03-05,Celta Vigo,1946,9,1955,Racing Santander,1886,-9,1877
2000-03-05,Rayo Vallecano,1864,-11,1853,CD Alavés,1927,11,1938
2000-03-05,Atlético Madrid,1925,-5,1920,Real Betis,1851,5,1856
2000-03-05,Sevilla FC,1806,-10,1796,Real Valladolid,1898,10,1908
2000-03-04,Valencia CF,2026,8,2034,Athletic Bilbao,1957,-8,1949
2000-03-04,FC Barcelona,2095,5,2100,CD Numancia,1850,-5,1845
2000-03-04,Real Oviedo,1840,3,1843,Real Madrid,2049,-3,2046
2000-02-27,Real Zaragoza,2005,6,2011,Celta Vigo,1956,-6,1950
2000-02-27,Deportivo La Coruña,1985,7,1992,RCD Mallorca,1971,-7,1964
2000-02-27,Athletic Bilbao,1961,-4,1957,Málaga CF,1897,4,1901
2000-02-27,CD Alavés,1915,12,1927,Atlético Madrid,1941,-12,1929
2000-02-27,Espanyol Barcelona,1942,10,1952,Rayo Vallecano,1874,-10,1864
2000-02-27,Racing Santander,1888,-2,1886,Real Sociedad,1901,2,1903
2000-02-27,Real Valladolid,1892,6,1898,Real Oviedo,1846,-6,1840
2000-02-27,Real Betis,1855,-4,1851,Sevilla FC,1802,4,1806
2000-02-26,Real Madrid,2057,14,2071,FC Barcelona,2096,-14,2082
2000-02-26,CD Numancia,1858,-8,1850,Valencia CF,2031,8,2039
2000-02-20,Valencia CF,2033,-2,2031,Real Madrid,2055,2,2057
2000-02-20,FC Barcelona,2090,6,2096,Real Valladolid,1898,-6,1892
2000-02-20,RCD Mallorca,1964,7,1971,Celta Vigo,1963,-7,1956
2000-02-20,Real Sociedad,1890,11,1901,Real Zaragoza,2016,-11,2005
2000-02-20,Atlético Madrid,1944,-3,1941,Espanyol Barcelona,1939,3,1942
2000-02-20,Rayo Vallecano,1887,-13,1874,Racing Santander,1875,13,1888
2000-02-20,Málaga CF,1887,10,1897,CD Numancia,1868,-10,1858
2000-02-20,Sevilla FC,1802,0,1802,CD Alavés,1915,0,1915
2000-02-20,Real Oviedo,1849,-3,1846,Real Betis,1852,3,1855
2000-02-19,Deportivo La Coruña,1974,11,1985,Athletic Bilbao,1972,-11,1961
2000-02-15,Real Valladolid,1906,-8,1898,Real Madrid,2063,8,2071
2000-02-13,Real Betis,1838,14,1852,FC Barcelona,2102,-14,2088
2000-02-13,Real Zaragoza,2022,-6,2016,Rayo Vallecano,1882,6,1888
2000-02-13,Celta Vigo,1953,10,1963,Real Sociedad,1900,-10,1890
2000-02-13,CD Numancia,1857,11,1868,Deportivo La Coruña,1985,-11,1974
2000-02-13,Racing Santander,1865,10,1875,Atlético Madrid,1953,-10,1943
2000-02-13,CD Alavés,1909,6,1915,Real Oviedo,1855,-6,1849
2000-02-13,Espanyol Barcelona,1958,-6,1952,Sevilla FC,1796,6,1802
2000-02-12,Real Madrid,2059,4,2063,Málaga CF,1891,-4,1887
2000-02-12,Real Valladolid,1905,1,1906,Valencia CF,2034,-1,2033
2000-02-12,Athletic Bilbao,1975,-3,1972,RCD Mallorca,1961,3,1964
2000-02-06,Deportivo La Coruña,1967,18,1985,Real Madrid,2075,-18,2057
2000-02-06,FC Barcelona,2111,-17,2094,CD Alavés,1892,17,1909
2000-02-06,Atlético Madrid,1959,-1,1958,Real Zaragoza,2021,1,2022
2000-02-06,RCD Mallorca,1955,6,1961,Real Sociedad,1906,-6,1900
2000-02-06,Athletic Bilbao,1970,5,1975,CD Numancia,1862,-5,1857
2000-02-06,Rayo Vallecano,1867,10,1877,Celta Vigo,1963,-10,1953
2000-02-06,Real Oviedo,1844,11,1855,Espanyol Barcelona,1963,-11,1952
2000-02-06,Málaga CF,1894,-3,1891,Real Valladolid,1902,3,1905
2000-02-06,Sevilla FC,1786,10,1796,Racing Santander,1875,-10,1865
2000-02-05,Valencia CF,2029,5,2034,Real Betis,1843,-5,1838
2000-01-30,Real Madrid,2058,8,2066,Athletic Bilbao,1978,-8,1970
2000-01-30,CD Alavés,1901,-9,1892,Valencia CF,2020,9,2029
2000-01-30,Real Valladolid,1883,19,1902,Deportivo La Coruña,2003,-19,1984
2000-01-30,CD Numancia,1846,16,1862,RCD Mallorca,1971,-16,1955
2000-01-30,Real Zaragoza,2028,2,2030,Sevilla FC,1788,-2,1786
2000-01-30,Real Sociedad,1900,6,1906,Rayo Vallecano,1866,-6,1860
2000-01-30,Real Betis,1844,-1,1843,Málaga CF,1893,1,1894
2000-01-30,Racing Santander,1864,11,1875,Real Oviedo,1860,-11,1849
2000-01-29,Espanyol Barcelona,1947,2,1949,FC Barcelona,2123,-2,2121
2000-01-29,Celta Vigo,1991,-14,1977,Atlético Madrid,1942,14,1956
2000-01-26,Real Madrid,2055,3,2058,Real Betis,1847,-3,1844
2000-01-23,FC Barcelona,2121,2,2123,Racing Santander,1866,-2,1864
2000-01-23,Valencia CF,2035,-15,2020,Espanyol Barcelona,1932,15,1947
2000-01-23,CD Numancia,1843,3,1846,Real Madrid,2058,-3,2055
2000-01-23,Real Oviedo,1847,13,1860,Real Zaragoza,2041,-13,2028
2000-01-23,Athletic Bilbao,1973,5,1978,Real Valladolid,1888,-5,1883
2000-01-23,Atlético Madrid,1946,-4,1942,Real Sociedad,1896,4,1900
2000-01-23,RCD Mallorca,1966,5,1971,Rayo Vallecano,1871,-5,1866
2000-01-23,Málaga CF,1906,-13,1893,CD Alavés,1888,13,1901
2000-01-23,Sevilla FC,1796,-8,1788,Celta Vigo,1983,8,1991
2000-01-22,Deportivo La Coruña,1997,6,2003,Real Betis,1853,-6,1847
2000-01-17,Real Madrid,2050,5,2055,RCD Mallorca,1971,-5,1966
2000-01-16,Real Zaragoza,2045,-1,2044,FC Barcelona,2119,1,2120
2000-01-16,Racing Santander,1864,2,1866,Valencia CF,2037,-2,2035
2000-01-16,CD Alavés,1877,11,1888,Deportivo La Coruña,2023,-11,2012
2000-01-16,Celta Vigo,1985,7,1992,Real Oviedo,1865,-7,1858
2000-01-16,Espanyol Barcelona,1944,-21,1923,Málaga CF,1885,21,1906
2000-01-16,Real Betis,1842,11,1853,Athletic Bilbao,1984,-11,1973
2000-01-16,Real Valladolid,1878,10,1888,CD Numancia,1853,-10,1843
2000-01-16,Real Sociedad,1901,-5,1896,Sevilla FC,1791,5,1796
2000-01-15,Rayo Vallecano,1862,-1,1861,Atlético Madrid,1934,1,1935
2000-01-09,Celta Vigo,1996,-15,1981,FC Barcelona,2104,15,2119
2000-01-09,Real Zaragoza,2018,12,2030,Valencia CF,2046,-12,2034
2000-01-09,Atlético Madrid,1921,9,1930,RCD Mallorca,1999,-9,1990
2000-01-09,CD Alavés,1884,-10,1874,Athletic Bilbao,1975,10,1985
2000-01-09,Real Sociedad,1905,-4,1901,Real Oviedo,1857,4,1861
2000-01-09,Racing Santander,1893,-14,1879,Málaga CF,1859,14,1873
2000-01-09,Real Betis,1871,-14,1857,CD Numancia,1839,14,1853
2000-01-09,Rayo Vallecano,1852,9,1861,Sevilla FC,1800,-9,1791
2000-01-08,Espanyol Barcelona,1941,0,1941,Deportivo La Coruña,2035,0,2035
2000-01-05,FC Barcelona,2099,5,2104,Real Sociedad,1910,-5,1905
2000-01-05,Deportivo La Coruña,2065,-30,2035,Racing Santander,1863,30,1893
2000-01-05,Athletic Bilbao,1968,7,1975,Espanyol Barcelona,1948,-7,1941
2000-01-05,RCD Mallorca,2005,-6,1999,Real Valladolid,1872,6,1878
2000-01-05,Málaga CF,1857,2,1859,Real Zaragoza,2020,-2,2018
2000-01-05,CD Numancia,1841,-2,1839,CD Alavés,1882,2,1884
2000-01-05,Sevilla FC,1789,11,1800,Atlético Madrid,1932,-11,1921
2000-01-05,Real Oviedo,1845,12,1857,Rayo Vallecano,1864,-12,1852
2000-01-04,Valencia CF,2050,-4,2046,Celta Vigo,1992,4,1996
1999-12-22,Real Zaragoza,2011,9,2020,Deportivo La Coruña,2074,-9,2065
1999-12-22,Rayo Vallecano,1860,4,1864,FC Barcelona,2103,-4,2099
1999-12-22,Real Sociedad,1909,1,1910,Valencia CF,2051,-1,2050
1999-12-22,Celta Vigo,2017,-25,1992,Málaga CF,1832,25,1857
1999-12-22,Racing Santander,1863,0,1863,Athletic Bilbao,1968,0,1968
1999-12-22,RCD Mallorca,2001,4,2005,Sevilla FC,1793,-4,1789
1999-12-22,Espanyol Barcelona,1941,7,1948,CD Numancia,1848,-7,1841
1999-12-22,Atlético Madrid,1921,11,1932,Real Oviedo,1856,-11,1845
1999-12-22,Real Betis,1885,-14,1871,Real Valladolid,1858,14,1872
1999-12-21,CD Alavés,1895,-13,1882,Real Madrid,2037,13,2050
1999-12-19,FC Barcelona,2100,3,2103,Atlético Madrid,1924,-3,1921
1999-12-19,Athletic Bilbao,1970,-2,1968,Real Zaragoza,2009,2,2011
1999-12-19,Valencia CF,2046,5,2051,Rayo Vallecano,1865,-5,1860
1999-12-19,Real Betis,1874,11,1885,RCD Mallorca,2012,-11,2001
1999-12-19,Málaga CF,1833,-1,1832,Real Sociedad,1908,1,1909
1999-12-19,CD Numancia,1840,8,1848,Racing Santander,1871,-8,1863
1999-12-19,Real Oviedo,1847,9,1856,Sevilla FC,1802,-9,1793
1999-12-18,Deportivo La Coruña,2068,6,2074,Celta Vigo,2023,-6,2017
1999-12-18,Real Madrid,2032,5,2037,Espanyol Barcelona,1946,-5,1941
1999-12-18,Real Valladolid,1860,-2,1858,CD Alavés,1893,2,1895
1999-12-12,Atlético Madrid,1935,-9,1926,Valencia CF,2067,9,2076
1999-12-12,Celta Vigo,2017,-4,2013,Athletic Bilbao,1982,4,1986
1999-12-12,Real Sociedad,1917,-9,1908,Deportivo La Coruña,2056,9,2065
1999-12-12,Racing Santander,1873,2,1875,Real Madrid,2034,-2,2032
1999-12-12,RCD Mallorca,2027,-7,2020,Real Oviedo,1852,7,1859
1999-12-12,Real Zaragoza,2012,-7,2005,CD Numancia,1833,7,1840
1999-12-12,Espanyol Barcelona,1955,-5,1950,Real Valladolid,1855,5,1860
1999-12-12,CD Alavés,1895,11,1906,Real Betis,1895,-11,1884
1999-12-12,Rayo Vallecano,1836,13,1849,Málaga CF,1849,-13,1836
1999-12-11,Sevilla FC,1786,16,1802,FC Barcelona,2116,-16,2100
1999-12-08,CD Alavés,1888,7,1895,Racing Santander,1880,-7,1873
1999-12-05,CD Alavés,1887,1,1888,RCD Mallorca,2019,-1,2018
1999-12-05,Deportivo La Coruña,2055,3,2058,Rayo Vallecano,1839,-3,1836
1999-12-05,CD Numancia,1813,20,1833,Celta Vigo,2039,-20,2019
1999-12-05,Real Betis,1917,-22,1895,Espanyol Barcelona,1933,22,1955
1999-12-05,Málaga CF,1860,-11,1849,Atlético Madrid,1916,11,1927
1999-12-05,Real Valladolid,1847,8,1855,Racing Santander,1888,-8,1880
1999-12-04,Real Madrid,2049,-27,2022,Real Zaragoza,1985,27,2012
1999-12-04,FC Barcelona,2104,2,2106,Real Oviedo,1854,-2,1852
1999-12-04,Athletic Bilbao,1987,-5,1982,Real Sociedad,1912,5,1917
1999-12-04,Valencia CF,2081,3,2084,Sevilla FC,1789,-3,1786
1999-11-28,RCD Mallorca,2009,10,2019,FC Barcelona,2114,-10,2104
1999-11-28,Celta Vigo,2031,8,2039,Real Madrid,2057,-8,2049
1999-11-28,Atlético Madrid,1931,-15,1916,Deportivo La Coruña,2040,15,2055
1999-11-28,Real Oviedo,1845,4,1849,Valencia CF,2085,-4,2081
1999-11-28,Real Zaragoza,1988,-6,1982,Real Valladolid,1858,6,1864
1999-11-28,Rayo Vallecano,1836,-9,1827,Athletic Bilbao,1976,9,1985
1999-11-28,Espanyol Barcelona,1945,-15,1930,CD Alavés,1866,15,1881
1999-11-28,Racing Santander,1886,-2,1884,Real Betis,1915,2,1917
1999-11-28,Real Sociedad,1925,5,1930,CD Numancia,1812,-5,1807
1999-11-27,Sevilla FC,1796,-1,1795,Málaga CF,1856,1,1857
1999-11-21,Real Madrid,2043,-6,2037,Real Sociedad,1919,6,1925
1999-11-21,Espanyol Barcelona,1957,-12,1945,RCD Mallorca,1983,12,1995
1999-11-21,Real Betis,1900,15,1915,Real Zaragoza,2003,-15,1988
1999-11-21,Real Valladolid,1872,-14,1858,Celta Vigo,2006,14,2020
1999-11-21,Deportivo La Coruña,2027,5,2032,Sevilla FC,1801,-5,1796
1999-11-21,Málaga CF,1842,14,1856,Real Oviedo,1859,-14,1845
1999-11-21,CD Numancia,1799,13,1812,Rayo Vallecano,1849,-13,1836
1999-11-20,Valencia CF,2059,14,2073,FC Barcelona,2131,-14,2117
1999-11-20,Athletic Bilbao,1967,9,1976,Atlético Madrid,1924,-9,1915
1999-11-07,RCD Mallorca,1973,10,1983,Valencia CF,2069,-10,2059
1999-11-07,FC Barcelona,2149,-18,2131,Málaga CF,1828,18,1846
1999-11-07,Celta Vigo,1997,9,2006,Real Betis,1909,-9,1900
1999-11-07,Real Oviedo,1860,-8,1852,Deportivo La Coruña,2019,8,2027
1999-11-07,Real Zaragoza,2005,4,2009,CD Alavés,1868,-4,1864
1999-11-07,Racing Santander,1892,-1,1891,Espanyol Barcelona,1962,1,1963
1999-11-07,Real Sociedad,1923,11,1934,Real Valladolid,1886,-11,1875
1999-11-07,Sevilla FC,1810,2,1812,Athletic Bilbao,1974,-2,1972
1999-11-07,Atlético Madrid,1930,-6,1924,CD Numancia,1806,6,1812
1999-11-06,Rayo Vallecano,1855,-8,1847,Real Madrid,2035,8,2043
1999-10-31,Espanyol Barcelona,1964,-2,1962,Real Zaragoza,2003,2,2005
1999-10-31,CD Alavés,1857,11,1868,Celta Vigo,2004,-11,1993
1999-10-31,Racing Santander,1893,-1,1892,RCD Mallorca,1967,1,1968
1999-10-31,Athletic Bilbao,1980,-6,1974,Real Oviedo,1854,6,1860
1999-10-31,Real Betis,1901,8,1909,Real Sociedad,1931,-8,1923
1999-10-31,Real Valladolid,1900,-14,1886,Rayo Vallecano,1841,14,1855
1999-10-31,CD Numancia,1794,12,1806,Sevilla FC,1822,-12,1810
1999-10-30,Deportivo La Coruña,1992,12,2004,FC Barcelona,2165,-12,2153
1999-10-30,Real Madrid,2052,-24,2028,Atlético Madrid,1894,24,1918
1999-10-30,Málaga CF,1824,4,1828,Valencia CF,2066,-4,2062
1999-10-24,Celta Vigo,1997,7,2004,Espanyol Barcelona,1971,-7,1964
1999-10-24,Real Zaragoza,1994,9,2003,Racing Santander,1902,-9,1893
1999-10-24,Atlético Madrid,1882,12,1894,Real Valladolid,1912,-12,1900
1999-10-24,RCD Mallorca,1963,4,1967,Málaga CF,1828,-4,1824
1999-10-24,Real Sociedad,1936,-5,1931,CD Alavés,1852,5,1857
1999-10-24,Rayo Vallecano,1859,-18,1841,Real Betis,1883,18,1901
1999-10-24,Real Oviedo,1848,6,1854,CD Numancia,1800,-6,1794
1999-10-23,FC Barcelona,2154,7,2161,Athletic Bilbao,1987,-7,1980
1999-10-23,Valencia CF,2038,9,2047,Deportivo La Coruña,2001,-9,1992
1999-10-23,Sevilla FC,1819,3,1822,Real Madrid,2040,-3,2037
1999-10-17,Real Zaragoza,1982,12,1994,RCD Mallorca,1967,-12,1955
1999-10-17,Espanyol Barcelona,1975,-4,1971,Real Sociedad,1932,4,1936
1999-10-17,Real Betis,1875,8,1883,Atlético Madrid,1887,-8,1879
1999-10-17,Real Valladolid,1907,5,1912,Sevilla FC,1824,-5,1819
1999-10-17,CD Alavés,1865,-13,1852,Rayo Vallecano,1846,13,1859
1999-10-16,Athletic Bilbao,1978,9,1987,Valencia CF,2047,-9,2038
1999-10-16,CD Numancia,1794,6,1800,FC Barcelona,2131,-6,2125
1999-10-16,Racing Santander,1882,20,1902,Celta Vigo,2023,-20,2003
1999-10-16,Real Madrid,2060,-7,2053,Real Oviedo,1841,7,1848
1999-10-16,Deportivo La Coruña,1987,7,1994,Málaga CF,1835,-7,1828
1999-10-13,FC Barcelona,2136,-5,2131,Real Madrid,2055,5,2060
1999-10-13,Celta Vigo,2017,6,2023,Real Zaragoza,1988,-6,1982
1999-10-13,Valencia CF,2042,5,2047,CD Numancia,1799,-5,1794
1999-10-13,Rayo Vallecano,1835,11,1846,Espanyol Barcelona,1986,-11,1975
1999-10-13,Real Sociedad,1959,-27,1932,Racing Santander,1855,27,1882
1999-10-13,Real Oviedo,1842,-1,1841,Real Valladolid,1906,1,1907
1999-10-12,RCD Mallorca,1969,-2,1967,Deportivo La Coruña,1985,2,1987
1999-10-12,Málaga CF,1844,-9,1835,Athletic Bilbao,1969,9,1978
1999-10-12,Atlético Madrid,1880,7,1887,CD Alavés,1872,-7,1865
1999-10-12,Sevilla FC,1807,17,1824,Real Betis,1892,-17,1875
1999-10-03,Real Madrid,2069,-14,2055,Valencia CF,2028,14,2042
1999-10-03,Celta Vigo,2011,6,2017,RCD Mallorca,1975,-6,1969
1999-10-03,Athletic Bilbao,1982,-13,1969,Deportivo La Coruña,1972,13,1985
1999-10-03,Real Zaragoza,1977,11,1988,Real Sociedad,1970,-11,1959
1999-10-03,Espanyol Barcelona,1979,7,1986,Atlético Madrid,1887,-7,1880
1999-10-03,Real Betis,1886,6,1892,Real Oviedo,1848,-6,1842
1999-10-03,Racing Santander,1858,-3,1855,Rayo Vallecano,1832,3,1835
1999-10-03,CD Alavés,1877,-5,1872,Sevilla FC,1802,5,1807
1999-10-02,Real Valladolid,1916,-10,1906,FC Barcelona,2126,10,2136
1999-10-02,CD Numancia,1801,-2,1799,Málaga CF,1842,2,1844
1999-09-26,RCD Mallorca,1978,7,1985,Athletic Bilbao,1989,-7,1982
1999-09-26,Rayo Vallecano,1841,-9,1832,Real Zaragoza,1968,9,1977
1999-09-26,Sevilla FC,1810,-8,1802,Espanyol Barcelona,1971,8,1979
1999-09-26,Deportivo La Coruña,1995,-26,1969,CD Numancia,1775,26,1801
1999-09-26,Atlético Madrid,1898,10,1908,Racing Santander,1868,-10,1858
1999-09-26,Real Oviedo,1840,8,1848,CD Alavés,1885,-8,1877
1999-09-25,FC Barcelona,2126,4,2130,Real Betis,1890,-4,1886
1999-09-25,Real Sociedad,1989,-19,1970,Celta Vigo,1984,19,2003
1999-09-25,Valencia CF,2025,-6,2019,Real Valladolid,1910,6,1916
1999-09-25,Málaga CF,1839,3,1842,Real Madrid,2058,-3,2055
1999-09-19,Real Sociedad,1982,7,1989,RCD Mallorca,1985,-7,1978
1999-09-19,Real Zaragoza,1973,-5,1968,Atlético Madrid,1893,5,1898
1999-09-19,Celta Vigo,2001,-17,1984,Rayo Vallecano,1824,17,1841
1999-09-19,CD Numancia,1772,3,1775,Athletic Bilbao,1992,-3,1989
1999-09-19,Racing Santander,1872,-4,1868,Sevilla FC,1806,4,1810
1999-09-18,Real Madrid,2060,-5,2055,Deportivo La Coruña,1990,5,1995
1999-09-18,CD Alavés,1871,14,1885,FC Barcelona,2130,-14,2116
1999-09-18,Real Betis,1878,12,1890,Valencia CF,2037,-12,2025
1999-09-18,Espanyol Barcelona,1967,4,1971,Real Oviedo,1844,-4,1840
1999-09-18,Real Valladolid,1901,9,1910,Málaga CF,1848,-9,1839
1999-09-12,Athletic Bilbao,1993,-1,1992,Real Madrid,2057,1,2058
1999-09-12,Atlético Madrid,1899,-10,1889,Celta Vigo,2007,10,2017
1999-09-12,Rayo Vallecano,1812,12,1824,Real Sociedad,1994,-12,1982
1999-09-12,Sevilla FC,1804,2,1806,Real Zaragoza,1975,-2,1973
1999-09-12,RCD Mallorca,1969,6,1975,CD Numancia,1778,-6,1772
1999-09-12,Málaga CF,1832,16,1848,Real Betis,1894,-16,1878
1999-09-12,Real Oviedo,1857,-13,1844,Racing Santander,1859,13,1872
1999-09-11,FC Barcelona,2116,7,2123,Espanyol Barcelona,1974,-7,1967
1999-09-11,Deportivo La Coruña,2004,7,2011,Real Valladolid,1908,-7,1901
1999-09-11,Valencia CF,2047,-26,2021,CD Alavés,1845,26,1871
1999-08-29,Espanyol Barcelona,1964,10,1974,Valencia CF,2057,-10,2047
1999-08-29,Racing Santander,1865,-6,1859,FC Barcelona,2110,6,2116
1999-08-29,Real Valladolid,1898,10,1908,Athletic Bilbao,2003,-10,1993
1999-08-29,Real Betis,1894,0,1894,Deportivo La Coruña,2004,0,2004
1999-08-29,Real Madrid,2053,4,2057,CD Numancia,1782,-4,1778
1999-08-29,Real Zaragoza,1966,9,1975,Real Oviedo,1866,-9,1857
1999-08-29,Celta Vigo,2004,3,2007,Sevilla FC,1807,-3,1804
1999-08-29,Rayo Vallecano,1800,12,1812,RCD Mallorca,1981,-12,1969
1999-08-29,CD Alavés,1838,7,1845,Málaga CF,1839,-7,1832
1999-08-28,Real Sociedad,1985,9,1994,Atlético Madrid,1908,-9,1899
1999-08-22,FC Barcelona,2104,6,2110,Real Zaragoza,1972,-6,1966
1999-08-22,Real Oviedo,1854,12,1866,Celta Vigo,2016,-12,2004
1999-08-22,Deportivo La Coruña,1997,7,2004,CD Alavés,1845,-7,1838
1999-08-22,Málaga CF,1828,11,1839,Espanyol Barcelona,1975,-11,1964
1999-08-22,Sevilla FC,1805,2,1807,Real Sociedad,1987,-2,1985
1999-08-22,Atlético Madrid,1932,-24,1908,Rayo Vallecano,1776,24,1800
1999-08-22,CD Numancia,1771,11,1782,Real Valladolid,1909,-11,1898
1999-08-21,RCD Mallorca,2003,-12,1991,Real Madrid,2041,12,2053
1999-08-21,Valencia CF,2071,-17,2054,Racing Santander,1848,17,1865
1999-08-21,Athletic Bilbao,1998,5,2003,Real Betis,1899,-5,1894
2001-06-17,FC Barcelona,2024,9,2033,Valencia CF,2089,-9,2080
2001-06-17,Deportivo La Coruña,2056,9,2065,Málaga CF,1961,-9,1952
2001-06-17,Real Madrid,2093,3,2096,Real Valladolid,1892,-3,1889
2001-06-17,Real Zaragoza,1932,0,1932,Celta Vigo,2016,0,2016
2001-06-17,RCD Mallorca,2061,5,2066,Real Oviedo,1867,-5,1862
2001-06-17,Real Sociedad,1940,-15,1925,CA Osasuna,1849,15,1864
2001-06-16,Villarreal CF,1917,15,1932,Espanyol Barcelona,1946,-15,1931
2001-06-16,CD Numancia,1816,11,1827,CD Alavés,1958,-11,1947
2001-06-16,Racing Santander,1887,12,1899,Athletic Bilbao,1870,-12,1858
2001-06-16,UD Las Palmas,1836,8,1844,Rayo Vallecano,1883,-8,1875
2001-06-10,Valencia CF,2103,-14,2089,Deportivo La Coruña,2042,14,2056
2001-06-10,CD Alavés,1974,-16,1958,RCD Mallorca,2045,16,2061
2001-06-10,Real Oviedo,1863,4,1867,Real Madrid,2097,-4,2093
2001-06-10,Celta Vigo,2011,5,2016,Villarreal CF,1922,-5,1917
2001-06-10,Real Valladolid,1891,1,1892,FC Barcelona,2025,-1,2024
2001-06-10,Málaga CF,1955,6,1961,Racing Santander,1893,-6,1887
2001-06-10,Athletic Bilbao,1888,-18,1870,Real Sociedad,1922,18,1940
2001-06-10,Espanyol Barcelona,1941,5,1946,UD Las Palmas,1841,-5,1836
2001-06-10,CA Osasuna,1839,10,1849,Real Zaragoza,1942,-10,1932
2001-06-10,Rayo Vallecano,1877,6,1883,CD Numancia,1822,-6,1816
2001-05-27,Racing Santander,1890,3,1893,Valencia CF,2106,-3,2103
2001-05-27,Deportivo La Coruña,2059,-17,2042,Real Valladolid,1874,17,1891
2001-05-27,RCD Mallorca,2038,7,2045,Rayo Vallecano,1884,-7,1877
2001-05-27,FC Barcelona,2042,-17,2025,Real Oviedo,1846,17,1863
2001-05-27,Real Zaragoza,1946,-4,1942,Real Sociedad,1918,4,1922
2001-05-27,Athletic Bilbao,1906,-18,1888,Málaga CF,1937,18,1955
2001-05-27,CD Numancia,1811,11,1822,Espanyol Barcelona,1952,-11,1941
2001-05-27,Villarreal CF,1914,8,1922,CA Osasuna,1847,-8,1839
2001-05-26,Real Madrid,2088,9,2097,CD Alavés,1983,-9,1974
2001-05-26,UD Las Palmas,1850,-9,1841,Celta Vigo,2002,9,2011
2001-05-20,Espanyol Barcelona,1963,-11,1952,RCD Mallorca,2027,11,2038
2001-05-20,Rayo Vallecano,1891,-7,1884,Real Madrid,2081,7,2088
2001-05-20,Real Oviedo,1853,-7,1846,Deportivo La Coruña,2052,7,2059
2001-05-20,Real Zaragoza,1950,-4,1946,Villarreal CF,1910,4,1914
2001-05-20,Real Sociedad,1902,16,1918,Málaga CF,1953,-16,1937
2001-05-20,Celta Vigo,2009,-7,2002,CD Numancia,1804,7,1811
2001-05-20,Real Valladolid,1876,-2,1874,Racing Santander,1888,2,1890
2001-05-20,CA Osasuna,1850,-3,1847,UD Las Palmas,1847,3,1850
2001-05-19,CD Alavés,1995,-12,1983,FC Barcelona,2030,12,2042
2001-05-18,Valencia CF,2101,3,2104,Athletic Bilbao,1909,-3,1906
2001-05-13,Málaga CF,1931,22,1953,Valencia CF,2123,-22,2101
2001-05-13,Real Madrid,2087,-6,2081,Espanyol Barcelona,1957,6,1963
2001-05-13,RCD Mallorca,2016,11,2027,Celta Vigo,2020,-11,2009
2001-05-13,FC Barcelona,2022,8,2030,Rayo Vallecano,1899,-8,1891
2001-05-13,UD Las Palmas,1836,11,1847,Real Zaragoza,1961,-11,1950
2001-05-13,Athletic Bilbao,1913,-4,1909,Real Valladolid,1872,4,1876
2001-05-13,Racing Santander,1878,10,1888,Real Oviedo,1863,-10,1853
2001-05-13,CD Numancia,1795,9,1804,CA Osasuna,1859,-9,1850
2001-05-12,Villarreal CF,1931,-21,1910,Real Sociedad,1881,21,1902
2001-05-11,Deportivo La Coruña,2046,6,2052,CD Alavés,2009,-6,2003
2001-05-06,Rayo Vallecano,1898,1,1899,Deportivo La Coruña,2047,-1,2046
2001-05-06,CD Alavés,2001,8,2009,Racing Santander,1886,-8,1878
2001-05-06,CA Osasuna,1847,12,1859,RCD Mallorca,2028,-12,2016
2001-05-06,Real Valladolid,1873,-1,1872,Málaga CF,1930,1,1931
2001-05-06,Real Oviedo,1844,19,1863,Athletic Bilbao,1932,-19,1913
2001-05-06,Villarreal CF,1926,5,1931,UD Las Palmas,1841,-5,1836
2001-05-06,Real Zaragoza,1955,6,1961,CD Numancia,1801,-6,1795
2001-05-05,Celta Vigo,2002,18,2020,Real Madrid,2114,-18,2096
2001-05-05,Real Sociedad,1888,-7,1881,Valencia CF,2098,7,2105
2001-05-05,Espanyol Barcelona,1958,-1,1957,FC Barcelona,2021,1,2022
2001-04-29,FC Barcelona,2025,-4,2021,Celta Vigo,1998,4,2002
2001-04-29,Deportivo La Coruña,2042,5,2047,Espanyol Barcelona,1963,-5,1958
2001-04-29,RCD Mallorca,2022,6,2028,Real Zaragoza,1961,-6,1955
2001-04-29,Athletic Bilbao,1917,15,1932,CD Alavés,2016,-15,2001
2001-04-29,Racing Santander,1889,-3,1886,Rayo Vallecano,1895,3,1898
2001-04-29,Málaga CF,1935,-5,1930,Real Oviedo,1839,5,1844
2001-04-29,UD Las Palmas,1832,9,1841,Real Sociedad,1897,-9,1888
2001-04-29,CD Numancia,1816,-15,1801,Villarreal CF,1911,15,1926
2001-04-28,Real Madrid,2142,-8,2134,CA Osasuna,1839,8,1847
2001-04-28,Valencia CF,2091,3,2094,Real Valladolid,1876,-3,1873
2001-04-22,Real Zaragoza,1969,-8,1961,Real Madrid,2134,8,2142
2001-04-22,CD Alavés,2031,-15,2016,Málaga CF,1920,15,1935
2001-04-22,Villarreal CF,1911,0,1911,RCD Mallorca,2022,0,2022
2001-04-22,Real Oviedo,1835,4,1839,Valencia CF,2095,-4,2091
2001-04-22,CA Osasuna,1819,20,1839,FC Barcelona,2045,-20,2025
2001-04-22,Espanyol Barcelona,1953,10,1963,Racing Santander,1899,-10,1889
2001-04-22,Rayo Vallecano,1908,-13,1895,Athletic Bilbao,1904,13,1917
2001-04-22,Real Sociedad,1886,11,1897,Real Valladolid,1887,-11,1876
2001-04-22,UD Las Palmas,1835,-3,1832,CD Numancia,1813,3,1816
2001-04-21,Celta Vigo,1989,9,1998,Deportivo La Coruña,2051,-9,2042
2001-04-15,Racing Santander,1880,19,1899,Celta Vigo,2008,-19,1989
2001-04-15,Athletic Bilbao,1916,-12,1904,Espanyol Barcelona,1941,12,1953
2001-04-15,RCD Mallorca,2019,3,2022,UD Las Palmas,1838,-3,1835
2001-04-15,Málaga CF,1923,-3,1920,Rayo Vallecano,1905,3,1908
2001-04-15,Real Valladolid,1881,6,1887,Real Oviedo,1841,-6,1835
2001-04-15,CD Numancia,1814,-1,1813,Real Sociedad,1885,1,1886
2001-04-14,Valencia CF,2099,-15,2084,CD Alavés,1993,15,2008
2001-04-14,Real Madrid,2118,6,2124,Villarreal CF,1917,-6,1911
2001-04-14,FC Barcelona,2058,-5,2053,Real Zaragoza,1964,5,1969
2001-04-14,Deportivo La Coruña,2028,3,2031,CA Osasuna,1822,-3,1819
2001-04-08,Real Zaragoza,1954,10,1964,Deportivo La Coruña,2038,-10,2028
2001-04-08,Villarreal CF,1916,1,1917,FC Barcelona,2059,-1,2058
2001-04-08,UD Las Palmas,1844,-6,1838,Real Madrid,2112,6,2118
2001-04-08,Celta Vigo,2003,5,2008,Athletic Bilbao,1921,-5,1916
2001-04-08,CD Alavés,1986,7,1993,Real Valladolid,1888,-7,1881
2001-04-08,Espanyol Barcelona,1955,-14,1941,Málaga CF,1909,14,1923
2001-04-08,CD Numancia,1825,-11,1814,RCD Mallorca,2008,11,2019
2001-04-08,Real Sociedad,1873,12,1885,Real Oviedo,1853,-12,1841
2001-04-08,CA Osasuna,1823,-1,1822,Racing Santander,1879,1,1880
2001-04-07,Rayo Vallecano,1919,-14,1905,Valencia CF,2085,14,2099
2001-04-01,FC Barcelona,2056,5,2061,UD Las Palmas,1849,-5,1844
2001-04-01,RCD Mallorca,2014,-6,2008,Real Sociedad,1867,6,1873
2001-04-01,Racing Santander,1869,10,1879,Real Zaragoza,1964,-10,1954
2001-04-01,Real Oviedo,1853,0,1853,CD Alavés,1970,0,1970
2001-04-01,Real Valladolid,1907,-19,1888,Rayo Vallecano,1900,19,1919
2001-04-01,Athletic Bilbao,1937,-16,1921,CA Osasuna,1807,16,1823
2001-03-31,Valencia CF,2113,-17,2096,Espanyol Barcelona,1938,17,1955
2001-03-31,Deportivo La Coruña,2050,6,2056,Villarreal CF,1922,-6,1916
2001-03-31,Real Madrid,2128,2,2130,CD Numancia,1827,-2,1825
2001-03-31,Málaga CF,1929,-20,1909,Celta Vigo,1983,20,2003
2001-03-18,RCD Mallorca,2003,11,2014,Real Madrid,2139,-11,2128
2001-03-18,Celta Vigo,1972,11,1983,Valencia CF,2124,-11,2113
2001-03-18,Real Zaragoza,1968,-4,1964,Athletic Bilbao,1933,4,1937
2001-03-18,CD Numancia,1823,4,1827,FC Barcelona,2060,-4,2056
2001-03-18,Espanyol Barcelona,1931,7,1938,Real Valladolid,1914,-7,1907
2001-03-18,Real Sociedad,1867,0,1867,CD Alavés,1970,0,1970
2001-03-18,Villarreal CF,1913,9,1922,Racing Santander,1878,-9,1869
2001-03-18,Rayo Vallecano,1923,-23,1900,Real Oviedo,1830,23,1853
2001-03-18,CA Osasuna,1806,1,1807,Málaga CF,1930,-1,1929
2001-03-17,UD Las Palmas,1828,21,1849,Deportivo La Coruña,2071,-21,2050
2001-03-11,FC Barcelona,2078,-5,2073,RCD Mallorca,1998,5,2003
2001-03-11,Real Madrid,2162,4,2166,Real Sociedad,1871,-4,1867
2001-03-11,Málaga CF,1916,14,1930,Real Zaragoza,1982,-14,1968
2001-03-11,CD Alavés,1972,9,1981,Rayo Vallecano,1921,-9,1912
2001-03-11,Real Valladolid,1926,-12,1914,Celta Vigo,1947,12,1959
2001-03-11,Real Oviedo,1830,0,1830,Espanyol Barcelona,1931,0,1931
2001-03-11,Racing Santander,1872,6,1878,UD Las Palmas,1834,-6,1828
2001-03-10,Valencia CF,2117,2,2119,CA Osasuna,1808,-2,1806
2001-03-10,Deportivo La Coruña,2067,4,2071,CD Numancia,1827,-4,1823
2001-03-10,Athletic Bilbao,1936,-3,1933,Villarreal CF,1910,3,1913
2001-03-04,Espanyol Barcelona,1933,-2,1931,CD Alavés,1956,2,1958
2001-03-04,Villarreal CF,1923,-13,1910,Málaga CF,1903,13,1916
2001-03-04,Celta Vigo,1949,4,1953,Real Oviedo,1834,-4,1830
2001-03-04,UD Las Palmas,1834,0,1834,Athletic Bilbao,1936,0,1936
2001-03-04,CA Osasuna,1797,11,1808,Real Valladolid,1937,-11,1926
2001-03-04,CD Numancia,1818,9,1827,Racing Santander,1881,-9,1872
2001-03-03,Real Madrid,2160,-5,2155,FC Barcelona,2067,5,2072
2001-03-03,Real Zaragoza,1982,0,1982,Valencia CF,2093,0,2093
2001-03-03,RCD Mallorca,1988,10,1998,Deportivo La Coruña,2073,-10,2063
2001-03-03,Real Sociedad,1856,15,1871,Rayo Vallecano,1950,-15,1935
2001-02-25,Valencia CF,2088,5,2093,Villarreal CF,1928,-5,1923
2001-02-25,FC Barcelona,2062,5,2067,Real Sociedad,1861,-5,1856
2001-02-25,Real Valladolid,1923,14,1937,Real Zaragoza,1996,-14,1982
2001-02-25,CD Alavés,1959,-3,1956,Celta Vigo,1946,3,1949
2001-02-25,Rayo Vallecano,1953,-3,1950,Espanyol Barcelona,1930,3,1933
2001-02-25,Racing Santander,1870,11,1881,RCD Mallorca,1999,-11,1988
2001-02-25,Athletic Bilbao,1929,7,1936,CD Numancia,1825,-7,1818
2001-02-25,Málaga CF,1897,6,1903,UD Las Palmas,1840,-6,1834
2001-02-25,Real Oviedo,1848,-14,1834,CA Osasuna,1783,14,1797
2001-02-24,Deportivo La Coruña,2073,0,2073,Real Madrid,2160,0,2160
2001-02-18,RCD Mallorca,1993,6,1999,Athletic Bilbao,1935,-6,1929
2001-02-18,Celta Vigo,1942,-3,1939,Rayo Vallecano,1933,3,1936
2001-02-18,Villarreal CF,1921,7,1928,Real Valladolid,1930,-7,1923
2001-02-18,Real Zaragoza,1989,7,1996,Real Oviedo,1855,-7,1848
2001-02-18,Real Sociedad,1851,10,1861,Espanyol Barcelona,1940,-10,1930
2001-02-18,CD Numancia,1815,10,1825,Málaga CF,1907,-10,1897
2001-02-18,CA Osasuna,1792,-9,1783,CD Alavés,1924,9,1933
2001-02-17,FC Barcelona,2067,-13,2054,Deportivo La Coruña,2047,13,2060
2001-02-17,Real Madrid,2157,2,2159,Racing Santander,1872,-2,1870
2001-02-17,UD Las Palmas,1850,-10,1840,Valencia CF,2070,10,2080
2001-02-11,Racing Santander,1846,26,1872,FC Barcelona,2084,-26,2058
2001-02-11,CD Alavés,1916,10,1926,Real Zaragoza,1999,-10,1989
2001-02-11,Málaga CF,1918,-11,1907,RCD Mallorca,1982,11,1993
2001-02-11,Real Valladolid,1924,6,1930,UD Las Palmas,1856,-6,1850
2001-02-11,Real Oviedo,1873,-18,1855,Villarreal CF,1903,18,1921
2001-02-10,Athletic Bilbao,1921,14,1935,Real Madrid,2162,-14,2148
2001-02-10,Deportivo La Coruña,2056,5,2061,Real Sociedad,1856,-5,1851
2001-02-10,Valencia CF,2065,4,2069,CD Numancia,1819,-4,1815
2001-02-10,Espanyol Barcelona,1953,-13,1940,Celta Vigo,1927,13,1940
2001-02-10,Rayo Vallecano,1909,5,1914,CA Osasuna,1797,-5,1792
2001-02-04,Real Madrid,2159,3,2162,Málaga CF,1921,-3,1918
2001-02-04,RCD Mallorca,1976,0,1976,Valencia CF,2065,0,2065
2001-02-04,Deportivo La Coruña,2053,3,2056,Racing Santander,1855,-3,1852
2001-02-04,Real Zaragoza,1982,11,1993,Rayo Vallecano,1920,-11,1909
2001-02-04,Villarreal CF,1891,12,1903,CD Alavés,1928,-12,1916
2001-02-04,Real Sociedad,1857,-1,1856,Celta Vigo,1932,1,1933
2001-02-04,CA Osasuna,1811,-14,1797,Espanyol Barcelona,1933,14,1947
2001-02-04,CD Numancia,1819,0,1819,Real Valladolid,1924,0,1924
2001-02-04,UD Las Palmas,1848,8,1856,Real Oviedo,1881,-8,1873
2001-02-03,FC Barcelona,2081,9,2090,Athletic Bilbao,1930,-9,1921
2001-01-28,Valencia CF,2076,-11,2065,Real Madrid,2148,11,2159
2001-01-28,Real Valladolid,1909,15,1924,RCD Mallorca,2005,-15,1990
2001-01-28,Rayo Vallecano,1934,-14,1920,Villarreal CF,1877,14,1891
2001-01-28,CD Alavés,1922,6,1928,UD Las Palmas,1854,-6,1848
2001-01-28,Celta Vigo,1913,5,1918,CA Osasuna,1816,-5,1811
2001-01-28,Racing Santander,1878,-24,1854,Real Sociedad,1833,24,1857
2001-01-28,Real Oviedo,1870,11,1881,CD Numancia,1830,-11,1819
2001-01-27,Málaga CF,1919,2,1921,FC Barcelona,2074,-2,2072
2001-01-27,Athletic Bilbao,1929,1,1930,Deportivo La Coruña,2054,-1,2053
2001-01-27,Espanyol Barcelona,1923,19,1942,Real Zaragoza,2002,-19,1983
2001-01-24,Real Madrid,2141,7,2148,Real Zaragoza,2009,-7,2002
2001-01-21,Real Valladolid,1905,4,1909,Real Madrid,2145,-4,2141
2001-01-21,Málaga CF,1934,-15,1919,Deportivo La Coruña,2039,15,2054
2001-01-21,Celta Vigo,1913,0,1913,Real Zaragoza,2009,0,2009
2001-01-21,Real Oviedo,1869,1,1870,RCD Mallorca,2006,-1,2005
2001-01-21,Athletic Bilbao,1919,10,1929,Racing Santander,1888,-10,1878
2001-01-21,Espanyol Barcelona,1917,6,1923,Villarreal CF,1883,-6,1877
2001-01-21,Rayo Vallecano,1939,-5,1934,UD Las Palmas,1849,5,1854
2001-01-21,CD Alavés,1946,-24,1922,CD Numancia,1806,24,1830
2001-01-21,CA Osasuna,1818,-2,1816,Real Sociedad,1831,2,1833
2001-01-20,Valencia CF,2090,-14,2076,FC Barcelona,2060,14,2074
2001-01-14,Real Madrid,2141,4,2145,Real Oviedo,1873,-4,1869
2001-01-14,RCD Mallorca,1996,6,2002,CD Alavés,1952,-6,1946
2001-01-14,Real Zaragoza,2001,5,2006,CA Osasuna,1823,-5,1818
2001-01-14,Racing Santander,1896,-12,1884,Málaga CF,1922,12,1934
2001-01-14,Villarreal CF,1869,14,1883,Celta Vigo,1944,-14,1930
2001-01-14,CD Numancia,1820,-14,1806,Rayo Vallecano,1949,14,1963
2001-01-14,UD Las Palmas,1840,9,1849,Espanyol Barcelona,1922,-9,1913
2001-01-14,Real Sociedad,1848,-17,1831,Athletic Bilbao,1906,17,1923
2001-01-13,Deportivo La Coruña,2025,14,2039,Valencia CF,2104,-14,2090
2001-01-13,FC Barcelona,2063,6,2069,Real Valladolid,1911,-6,1905
2001-01-07,CD Alavés,1964,-12,1952,Real Madrid,2129,12,2141
2001-01-07,Valencia CF,2101,3,2104,Racing Santander,1887,-3,1884
2001-01-07,Real Valladolid,1894,17,1911,Deportivo La Coruña,2042,-17,2025
2001-01-07,Rayo Vallecano,1952,-2,1950,RCD Mallorca,1983,2,1985
2001-01-07,Real Oviedo,1881,-8,1873,FC Barcelona,2052,8,2060
2001-01-07,Real Sociedad,1847,1,1848,Real Zaragoza,1997,-1,1996
2001-01-07,Celta Vigo,1953,-16,1937,UD Las Palmas,1824,16,1840
2001-01-07,Espanyol Barcelona,1916,8,1924,CD Numancia,1828,-8,1820
2001-01-07,CA Osasuna,1814,9,1823,Villarreal CF,1878,-9,1869
2001-01-06,Málaga CF,1914,8,1922,Athletic Bilbao,1926,-8,1918
2000-12-20,Athletic Bilbao,1924,2,1926,Valencia CF,2103,-2,2101
2000-12-20,FC Barcelona,2047,5,2052,CD Alavés,1969,-5,1964
2000-12-20,Deportivo La Coruña,2051,6,2057,Real Oviedo,1887,-6,1881
2000-12-20,RCD Mallorca,1972,6,1978,Espanyol Barcelona,1910,-6,1904
2000-12-20,Villarreal CF,1882,0,1882,Real Zaragoza,1997,0,1997
2000-12-20,CD Numancia,1828,16,1844,Celta Vigo,1960,-16,1944
2000-12-20,Racing Santander,1872,-2,1870,Real Valladolid,1903,2,1905
2000-12-20,Málaga CF,1903,11,1914,Real Sociedad,1858,-11,1847
2000-12-20,UD Las Palmas,1830,7,1837,CA Osasuna,1832,-7,1825
2000-12-19,Real Madrid,2124,5,2129,Rayo Vallecano,1952,-5,1947
2000-12-17,Valencia CF,2098,5,2103,Málaga CF,1908,-5,1903
2000-12-17,Celta Vigo,1963,-3,1960,RCD Mallorca,1969,3,1972
2000-12-17,Real Valladolid,1905,-2,1903,Athletic Bilbao,1922,2,1924
2000-12-17,Real Oviedo,1880,7,1887,Racing Santander,1879,-7,1872
2000-12-17,CA Osasuna,1820,12,1832,CD Numancia,1840,-12,1828
2000-12-16,Espanyol Barcelona,1917,-7,1910,Real Madrid,2117,7,2124
2000-12-16,CD Alavés,1953,16,1969,Deportivo La Coruña,2067,-16,2051
2000-12-16,Rayo Vallecano,1952,0,1952,FC Barcelona,2047,0,2047
2000-12-16,Real Zaragoza,1991,6,1997,UD Las Palmas,1836,-6,1830
2000-12-16,Real Sociedad,1878,-20,1858,Villarreal CF,1862,20,1882
2000-12-10,Real Madrid,2129,6,2135,Celta Vigo,1969,-6,1963
2000-12-10,Deportivo La Coruña,2071,-6,2065,Rayo Vallecano,1946,6,1952
2000-12-10,FC Barcelona,2041,6,2047,Espanyol Barcelona,1915,-6,1909
2000-12-10,Racing Santander,1860,10,1870,CD Alavés,1969,-10,1959
2000-12-10,Athletic Bilbao,1909,13,1922,Real Oviedo,1903,-13,1890
2000-12-10,Málaga CF,1897,11,1908,Real Valladolid,1909,-11,1898
2000-12-10,RCD Mallorca,1967,-6,1961,CA Osasuna,1799,6,1805
2000-12-09,Valencia CF,2094,4,2098,Real Sociedad,1882,-4,1878
2000-12-09,CD Numancia,1841,1,1842,Real Zaragoza,1986,-1,1985
2000-12-09,UD Las Palmas,1860,-25,1835,Villarreal CF,1837,25,1862
2000-12-03,Real Zaragoza,1989,-3,1986,RCD Mallorca,1964,3,1967
2000-12-03,CD Alavés,1943,6,1949,Athletic Bilbao,1915,-6,1909
2000-12-03,Real Oviedo,1896,7,1903,Málaga CF,1904,-7,1897
2000-12-03,Real Sociedad,1886,-4,1882,UD Las Palmas,1856,4,1860
2000-12-03,Villarreal CF,1840,-3,1837,CD Numancia,1838,3,1841
2000-12-02,Celta Vigo,1961,0,1961,FC Barcelona,2047,0,2047
2000-12-02,Real Valladolid,1906,3,1909,Valencia CF,2098,-3,2095
2000-12-02,Espanyol Barcelona,1922,-13,1909,Deportivo La Coruña,2078,13,2091
2000-12-02,CA Osasuna,1804,-5,1799,Real Madrid,2108,5,2113
2000-12-02,Rayo Vallecano,1923,10,1933,Racing Santander,1870,-10,1860
2000-11-26,Deportivo La Coruña,2073,5,2078,Celta Vigo,1966,-5,1961
2000-11-26,Valencia CF,2093,5,2098,Real Oviedo,1901,-5,1896
2000-11-26,FC Barcelona,2043,4,2047,CA Osasuna,1808,-4,1804
2000-11-26,Málaga CF,1891,13,1904,CD Alavés,1956,-13,1943
2000-11-26,Athletic Bilbao,1903,12,1915,Rayo Vallecano,1935,-12,1923
2000-11-26,Real Valladolid,1899,7,1906,Real Sociedad,1893,-7,1886
2000-11-26,Racing Santander,1882,-12,1870,Espanyol Barcelona,1910,12,1922
2000-11-26,CD Numancia,1851,-13,1838,UD Las Palmas,1843,13,1856
2000-11-25,RCD Mallorca,1960,4,1964,Villarreal CF,1844,-4,1840
2000-11-19,Real Zaragoza,1976,13,1989,FC Barcelona,2034,-13,2021
2000-11-19,Celta Vigo,1968,-5,1963,Racing Santander,1877,5,1882
2000-11-19,Espanyol Barcelona,1923,7,1930,Athletic Bilbao,1910,-7,1903
2000-11-19,Rayo Vallecano,1922,10,1932,Málaga CF,1901,-10,1891
2000-11-19,Real Oviedo,1887,14,1901,Real Valladolid,1913,-14,1899
2000-11-19,Real Sociedad,1881,12,1893,CD Numancia,1863,-12,1851
2000-11-18,CD Alavés,1961,1,1962,Valencia CF,2086,-1,2085
2000-11-18,Villarreal CF,1851,-7,1844,Real Madrid,2076,7,2083
2000-11-18,CA Osasuna,1804,4,1808,Deportivo La Coruña,2057,-4,2053
2000-11-18,UD Las Palmas,1832,11,1843,RCD Mallorca,1971,-11,1960
2000-11-12,Valencia CF,2093,-7,2086,Rayo Vallecano,1915,7,1922
2000-11-12,Real Madrid,2071,5,2076,UD Las Palmas,1837,-5,1832
2000-11-12,FC Barcelona,2051,-17,2034,Villarreal CF,1834,17,1851
2000-11-12,Athletic Bilbao,1901,9,1910,Celta Vigo,1977,-9,1968
2000-11-12,Real Valladolid,1904,9,1913,CD Alavés,1970,-9,1961
2000-11-12,RCD Mallorca,1966,5,1971,CD Numancia,1868,-5,1863
2000-11-12,Málaga CF,1903,-2,1901,Espanyol Barcelona,1921,2,1923
2000-11-12,Real Oviedo,1880,7,1887,Real Sociedad,1888,-7,1881
2000-11-12,Racing Santander,1882,-5,1877,CA Osasuna,1799,5,1804
2000-11-11,Deportivo La Coruña,2049,8,2057,Real Zaragoza,1984,-8,1976
2000-11-05,Real Zaragoza,1976,8,1984,Racing Santander,1890,-8,1882
2000-11-05,CD Alavés,1970,10,1980,Real Oviedo,1890,-10,1880
2000-11-05,Real Sociedad,1899,-11,1888,RCD Mallorca,1955,11,1966
2000-11-05,Rayo Vallecano,1926,7,1933,Real Valladolid,1911,-7,1904
2000-11-05,CA Osasuna,1799,0,1799,Athletic Bilbao,1901,0,1901
2000-11-04,Espanyol Barcelona,1923,13,1936,Valencia CF,2118,-13,2105
2000-11-04,CD Numancia,1847,21,1868,Real Madrid,2104,-21,2083
2000-11-04,Villarreal CF,1820,14,1834,Deportivo La Coruña,2062,-14,2048
2000-11-04,UD Las Palmas,1845,-8,1837,FC Barcelona,2031,8,2039
2000-11-04,Celta Vigo,1958,6,1964,Málaga CF,1909,-6,1903
2000-11-01,Valencia CF,2114,4,2118,Celta Vigo,1962,-4,1958
2000-11-01,Real Madrid,2129,-25,2104,RCD Mallorca,1930,25,1955
2000-11-01,FC Barcelona,2038,-7,2031,CD Numancia,1840,7,1847
2000-11-01,Athletic Bilbao,1912,-11,1901,Real Zaragoza,1965,11,1976
2000-11-01,CD Alavés,1985,-15,1970,Real Sociedad,1884,15,1899
2000-11-01,Real Valladolid,1914,-3,1911,Espanyol Barcelona,1920,3,1923
2000-11-01,Real Oviedo,1874,16,1890,Rayo Vallecano,1942,-16,1926
2000-11-01,Racing Santander,1881,9,1890,Villarreal CF,1829,-9,1820
2000-11-01,Málaga CF,1902,7,1909,CA Osasuna,1806,-7,1799
2000-10-31,Deportivo La Coruña,2057,5,2062,UD Las Palmas,1850,-5,1845
2000-10-29,Real Sociedad,1896,-12,1884,Real Madrid,2117,12,2129
2000-10-29,Rayo Vallecano,1954,-12,1942,CD Alavés,1973,12,1985
2000-10-29,CA Osasuna,1811,-5,1806,Valencia CF,2109,5,2114
2000-10-29,Celta Vigo,1956,6,1962,Real Valladolid,1920,-6,1914
2000-10-29,Espanyol Barcelona,1910,10,1920,Real Oviedo,1884,-10,1874
2000-10-28,RCD Mallorca,1913,17,1930,FC Barcelona,2055,-17,2038
2000-10-28,CD Numancia,1847,-7,1840,Deportivo La Coruña,2050,7,2057
2000-10-28,Real Zaragoza,1970,-5,1965,Málaga CF,1897,5,1902
2000-10-28,Villarreal CF,1830,-1,1829,Athletic Bilbao,1911,1,1912
2000-10-28,UD Las Palmas,1841,9,1850,Racing Santander,1890,-9,1881
2000-10-22,CD Alavés,1957,6,1963,Espanyol Barcelona,1907,-6,1901
2000-10-22,Real Oviedo,1868,16,1884,Celta Vigo,1983,-16,1967
2000-10-22,Rayo Vallecano,1940,11,1951,Real Sociedad,1907,-11,1896
2000-10-22,Athletic Bilbao,1938,-27,1911,UD Las Palmas,1814,27,1841
2000-10-22,Racing Santander,1880,10,1890,CD Numancia,1857,-10,1847
2000-10-22,Real Valladolid,1926,-6,1920,CA Osasuna,1805,6,1811
2000-10-22,Málaga CF,1891,6,1897,Villarreal CF,1836,-6,1830
2000-10-21,FC Barcelona,2038,14,2052,Real Madrid,2124,-14,2110
2000-10-21,Valencia CF,2121,4,2125,Real Zaragoza,1974,-4,1970
2000-10-21,Deportivo La Coruña,2048,-6,2042,RCD Mallorca,1907,6,1913
2000-10-18,Espanyol Barcelona,1921,-14,1907,Real Sociedad,1893,14,1907
2000-10-15,Celta Vigo,1987,-4,1983,CD Alavés,1953,4,1957
2000-10-15,Real Zaragoza,1978,-4,1974,Real Valladolid,1922,4,1926
2000-10-15,CD Numancia,1858,-1,1857,Athletic Bilbao,1937,1,1938
2000-10-15,RCD Mallorca,1900,7,1907,Racing Santander,1887,-7,1880
2000-10-15,CA Osasuna,1806,-1,1805,Real Oviedo,1867,1,1868
2000-10-14,Real Madrid,2102,11,2113,Deportivo La Coruña,2063,-11,2052
2000-10-14,Villarreal CF,1831,5,1836,Valencia CF,2115,-5,2110
2000-10-14,Real Sociedad,1914,-21,1893,FC Barcelona,2011,21,2032
2000-10-14,Espanyol Barcelona,1923,-2,1921,Rayo Vallecano,1938,2,1940
2000-10-14,UD Las Palmas,1804,10,1814,Málaga CF,1901,-10,1891
2000-10-01,Deportivo La Coruña,2054,9,2063,FC Barcelona,2020,-9,2011
2000-10-01,Rayo Vallecano,1921,17,1938,Celta Vigo,2004,-17,1987
2000-10-01,Valencia CF,2112,3,2115,UD Las Palmas,1807,-3,1804
2000-10-01,Real Oviedo,1856,11,1867,Real Zaragoza,1989,-11,1978
2000-10-01,Athletic Bilbao,1930,7,1937,RCD Mallorca,1907,-7,1900
2000-10-01,Málaga CF,1923,-22,1901,CD Numancia,1836,22,1858
2000-10-01,CD Alavés,1947,6,1953,CA Osasuna,1812,-6,1806
2000-10-01,Real Valladolid,1927,-5,1922,Villarreal CF,1826,5,1831
2000-09-30,Racing Santander,1884,3,1887,Real Madrid,2105,-3,2102
2000-09-24,CD Numancia,1846,-10,1836,Valencia CF,2097,10,2107
2000-09-24,Celta Vigo,1995,5,2000,Espanyol Barcelona,1925,-5,1920
2000-09-24,RCD Mallorca,1920,-13,1907,Málaga CF,1910,13,1923
2000-09-24,CA Osasuna,1811,1,1812,Rayo Vallecano,1932,-1,1931
2000-09-24,Villarreal CF,1817,9,1826,Real Oviedo,1865,-9,1856
2000-09-23,Real Madrid,2080,7,2087,Athletic Bilbao,1937,-7,1930
2000-09-23,Real Sociedad,1913,1,1914,Deportivo La Coruña,2050,-1,2049
2000-09-23,Real Zaragoza,2020,-5,2015,CD Alavés,1933,5,1938
2000-09-23,FC Barcelona,2042,6,2048,Racing Santander,1890,-6,1884
2000-09-23,UD Las Palmas,1806,1,1807,Real Valladolid,1928,-1,1927
2000-09-17,Rayo Vallecano,1932,0,1932,Real Zaragoza,2020,0,2020
2000-09-17,Celta Vigo,1985,10,1995,Real Sociedad,1923,-10,1913
2000-09-17,CD Alavés,1949,-16,1933,Villarreal CF,1801,16,1817
2000-09-17,Espanyol Barcelona,1941,-16,1925,CA Osasuna,1795,16,1811
2000-09-17,Real Oviedo,1870,-5,1865,UD Las Palmas,1801,5,1806
2000-09-16,Athletic Bilbao,1919,18,1937,FC Barcelona,2090,-18,2072
2000-09-16,Valencia CF,2081,7,2088,RCD Mallorca,1927,-7,1920
2000-09-16,Málaga CF,1908,2,1910,Real Madrid,2073,-2,2071
2000-09-16,Racing Santander,1907,-17,1890,Deportivo La Coruña,2026,17,2043
2000-09-16,Real Valladolid,1920,8,1928,CD Numancia,1854,-8,1846
2000-09-10,RCD Mallorca,1930,-3,1927,Real Valladolid,1917,3,1920
2000-09-10,CA Osasuna,1807,-12,1795,Celta Vigo,1984,12,1996
2000-09-10,UD Las Palmas,1817,-16,1801,CD Alavés,1942,16,1958
2000-09-10,Villarreal CF,1821,-20,1801,Rayo Vallecano,1904,20,1924
2000-09-10,CD Numancia,1846,8,1854,Real Oviedo,1878,-8,1870
2000-09-09,Real Madrid,2067,8,2075,Valencia CF,2080,-8,2072
2000-09-09,FC Barcelona,2068,4,2072,Málaga CF,1912,-4,1908
2000-09-09,Real Zaragoza,2027,-15,2012,Espanyol Barcelona,1947,15,1962
2000-09-09,Deportivo La Coruña,2017,7,2024,Athletic Bilbao,1926,-7,1919
2000-09-09,Real Sociedad,1926,-3,1923,Racing Santander,1904,3,1907
2002-05-11,Valencia CF,2100,6,2106,Real Betis,1951,-6,1945
2002-05-11,Rayo Vallecano,1951,8,1959,Celta Vigo,1988,-8,1980
2002-05-11,Real Zaragoza,1843,3,1846,FC Barcelona,2053,-3,2050
2002-05-11,Espanyol Barcelona,1915,-12,1903,Málaga CF,1957,12,1969
2002-05-11,Sevilla FC,1929,6,1935,Villarreal CF,1884,-6,1878
2002-05-11,RCD Mallorca,1888,8,1896,Real Valladolid,1903,-8,1895
2002-05-11,Real Sociedad,1940,-5,1935,UD Las Palmas,1850,5,1855
2002-05-11,CA Osasuna,1873,-12,1861,CD Alavés,1895,12,1907
2002-05-11,CD Tenerife,1826,-11,1815,Athletic Bilbao,1877,11,1888
2002-05-10,Deportivo La Coruña,2067,14,2081,Real Madrid,2100,-14,2086
2002-05-05,Málaga CF,1971,-14,1957,Valencia CF,2086,14,2100
2002-05-05,Real Betis,1970,-19,1951,Deportivo La Coruña,2048,19,2067
2002-05-05,Real Madrid,2107,-7,2100,RCD Mallorca,1881,7,1888
2002-05-05,FC Barcelona,2047,6,2053,Espanyol Barcelona,1921,-6,1915
2002-05-05,Celta Vigo,2003,-15,1988,Sevilla FC,1914,15,1929
2002-05-05,CD Alavés,1907,-12,1895,Rayo Vallecano,1939,12,1951
2002-05-05,Real Valladolid,1922,-19,1903,Real Sociedad,1921,19,1940
2002-05-05,Athletic Bilbao,1880,-3,1877,CA Osasuna,1870,3,1873
2002-05-05,Villarreal CF,1878,6,1884,Real Zaragoza,1849,-6,1843
2002-05-05,UD Las Palmas,1864,-14,1850,CD Tenerife,1812,14,1826
2002-04-28,Deportivo La Coruña,2053,-5,2048,Málaga CF,1966,5,1971
2002-04-28,Real Zaragoza,1858,-9,1849,Celta Vigo,1994,9,2003
2002-04-28,RCD Mallorca,1898,-17,1881,Real Betis,1953,17,1970
2002-04-28,Sevilla FC,1903,11,1914,CD Alavés,1918,-11,1907
2002-04-28,Rayo Vallecano,1930,9,1939,Athletic Bilbao,1889,-9,1880
2002-04-28,CD Tenerife,1832,-20,1812,Real Valladolid,1902,20,1922
2002-04-28,CA Osasuna,1863,7,1870,UD Las Palmas,1871,-7,1864
2002-04-27,Real Sociedad,1897,24,1921,Real Madrid,2138,-24,2114
2002-04-27,Valencia CF,2082,4,2086,Espanyol Barcelona,1925,-4,1921
2002-04-27,FC Barcelona,2033,7,2040,Villarreal CF,1885,-7,1878
2002-04-21,Valencia CF,2075,7,2082,Deportivo La Coruña,2060,-7,2053
2002-04-21,Málaga CF,1971,-5,1966,RCD Mallorca,1893,5,1898
2002-04-21,Real Betis,1942,11,1953,Real Sociedad,1908,-11,1897
2002-04-21,Espanyol Barcelona,1915,10,1925,Villarreal CF,1895,-10,1885
2002-04-21,Athletic Bilbao,1902,-13,1889,Sevilla FC,1890,13,1903
2002-04-21,CD Alavés,1912,6,1918,Real Zaragoza,1864,-6,1858
2002-04-21,Real Valladolid,1895,7,1902,CA Osasuna,1870,-7,1863
2002-04-20,Celta Vigo,1985,9,1994,FC Barcelona,2067,-9,2058
2002-04-20,Real Madrid,2109,4,2113,CD Tenerife,1836,-4,1832
2002-04-20,UD Las Palmas,1889,-18,1871,Rayo Vallecano,1912,18,1930
2002-04-14,FC Barcelona,2063,4,2067,CD Alavés,1916,-4,1912
2002-04-14,CA Osasuna,1848,22,1870,Real Madrid,2131,-22,2109
2002-04-14,Deportivo La Coruña,2054,6,2060,Espanyol Barcelona,1921,-6,1915
2002-04-14,Villarreal CF,1885,10,1895,Celta Vigo,1995,-10,1985
2002-04-14,Real Sociedad,1899,9,1908,Málaga CF,1980,-9,1971
2002-04-14,Rayo Vallecano,1905,7,1912,Real Valladolid,1902,-7,1895
2002-04-14,Sevilla FC,1893,-3,1890,UD Las Palmas,1886,3,1889
2002-04-14,CD Tenerife,1825,11,1836,Real Betis,1953,-11,1942
2002-04-14,Real Zaragoza,1866,-2,1864,Athletic Bilbao,1900,2,1902
2002-04-13,RCD Mallorca,1891,2,1893,Valencia CF,2077,-2,2075
2002-04-07,Valencia CF,2070,7,2077,Real Sociedad,1906,-7,1899
2002-04-07,Espanyol Barcelona,1906,15,1921,Celta Vigo,2010,-15,1995
2002-04-07,Málaga CF,1974,6,1980,CD Tenerife,1831,-6,1825
2002-04-07,CD Alavés,1909,7,1916,Villarreal CF,1892,-7,1885
2002-04-07,Real Betis,1959,-6,1953,CA Osasuna,1842,6,1848
2002-04-07,Real Valladolid,1905,-3,1902,Sevilla FC,1890,3,1893
2002-04-06,Real Madrid,2109,5,2114,Rayo Vallecano,1910,-5,1905
2002-04-06,Deportivo La Coruña,2053,8,2061,RCD Mallorca,1899,-8,1891
2002-04-06,Athletic Bilbao,1914,-14,1900,FC Barcelona,2036,14,2050
2002-04-06,UD Las Palmas,1890,-4,1886,Real Zaragoza,1862,4,1866
2002-03-31,Rayo Vallecano,1912,-2,1910,Real Betis,1957,2,1959
2002-03-31,CA Osasuna,1857,-15,1842,Málaga CF,1959,15,1974
2002-03-31,Villarreal CF,1877,15,1892,Athletic Bilbao,1929,-15,1914
2002-03-31,RCD Mallorca,1891,8,1899,Espanyol Barcelona,1914,-8,1906
2002-03-31,Real Zaragoza,1864,-2,1862,Real Valladolid,1903,2,1905
2002-03-30,Sevilla FC,1897,-7,1890,Real Madrid,2113,7,2120
2002-03-30,Real Sociedad,1904,2,1906,Deportivo La Coruña,2080,-2,2078
2002-03-30,FC Barcelona,2057,-7,2050,UD Las Palmas,1883,7,1890
2002-03-30,Celta Vigo,2002,8,2010,CD Alavés,1917,-8,1909
2002-03-30,CD Tenerife,1838,-7,1831,Valencia CF,2063,7,2070
2002-03-24,Real Madrid,2109,4,2113,Real Zaragoza,1868,-4,1864
2002-03-24,Real Valladolid,1912,-9,1903,FC Barcelona,2048,9,2057
2002-03-24,Athletic Bilbao,1953,-24,1929,Celta Vigo,1978,24,2002
2002-03-24,Valencia CF,2060,3,2063,CA Osasuna,1860,-3,1857
2002-03-24,Deportivo La Coruña,2076,4,2080,CD Tenerife,1842,-4,1838
2002-03-24,Espanyol Barcelona,1927,-13,1914,CD Alavés,1904,13,1917
2002-03-24,RCD Mallorca,1911,-20,1891,Real Sociedad,1884,20,1904
2002-03-23,Málaga CF,1963,-4,1959,Rayo Vallecano,1908,4,1912
2002-03-23,Real Betis,1962,-5,1957,Sevilla FC,1892,5,1897
2002-03-23,UD Las Palmas,1876,7,1883,Villarreal CF,1884,-7,1877
2002-03-17,Rayo Vallecano,1895,13,1908,Valencia CF,2090,-13,2077
2002-03-17,CD Alavés,1916,-12,1904,Athletic Bilbao,1941,12,1953
2002-03-17,Sevilla FC,1910,-18,1892,Málaga CF,1945,18,1963
2002-03-17,Celta Vigo,1973,5,1978,UD Las Palmas,1881,-5,1876
2002-03-17,Real Zaragoza,1868,0,1868,Real Betis,1962,0,1962
2002-03-17,Real Sociedad,1875,9,1884,Espanyol Barcelona,1936,-9,1927
2002-03-17,Villarreal CF,1886,-2,1884,Real Valladolid,1910,2,1912
2002-03-17,CD Tenerife,1843,-1,1842,RCD Mallorca,1910,1,1911
2002-03-16,FC Barcelona,2033,-1,2032,Real Madrid,2109,1,2110
2002-03-16,CA Osasuna,1870,-10,1860,Deportivo La Coruña,2097,10,2107
2002-03-10,Valencia CF,2083,5,2088,Sevilla FC,1915,-5,1910
2002-03-10,Real Valladolid,1928,-18,1910,Celta Vigo,1955,18,1973
2002-03-10,Espanyol Barcelona,1924,12,1936,Athletic Bilbao,1953,-12,1941
2002-03-10,Málaga CF,1939,6,1945,Real Zaragoza,1874,-6,1868
2002-03-10,RCD Mallorca,1900,10,1910,CA Osasuna,1880,-10,1870
2002-03-10,Real Sociedad,1897,-22,1875,CD Tenerife,1821,22,1843
2002-03-09,Real Betis,1952,10,1962,FC Barcelona,2043,-10,2033
2002-03-09,Real Madrid,2094,5,2099,Villarreal CF,1891,-5,1886
2002-03-09,Deportivo La Coruña,2071,-7,2064,Rayo Vallecano,1888,7,1895
2002-03-09,UD Las Palmas,1872,9,1881,CD Alavés,1925,-9,1916
2002-03-03,FC Barcelona,2033,10,2043,Málaga CF,1949,-10,1939
2002-03-03,Real Zaragoza,1881,-7,1874,Valencia CF,2076,7,2083
2002-03-03,CD Alavés,1913,12,1925,Real Valladolid,1940,-12,1928
2002-03-03,Athletic Bilbao,1945,8,1953,UD Las Palmas,1880,-8,1872
2002-03-03,Rayo Vallecano,1908,-20,1888,RCD Mallorca,1880,20,1900
2002-03-03,CA Osasuna,1883,-3,1880,Real Sociedad,1894,3,1897
2002-03-03,CD Tenerife,1821,0,1821,Espanyol Barcelona,1924,0,1924
2002-03-02,Celta Vigo,1964,-9,1955,Real Madrid,2099,9,2108
2002-03-02,Sevilla FC,1924,-9,1915,Deportivo La Coruña,2048,9,2057
2002-03-02,Villarreal CF,1892,-1,1891,Real Betis,1951,1,1952
2002-02-24,Real Betis,1936,15,1951,Celta Vigo,1979,-15,1964
2002-02-24,Real Valladolid,1928,12,1940,Athletic Bilbao,1957,-12,1945
2002-02-24,Málaga CF,1943,6,1949,Villarreal CF,1898,-6,1892
2002-02-24,Espanyol Barcelona,1914,10,1924,UD Las Palmas,1890,-10,1880
2002-02-24,RCD Mallorca,1904,-24,1880,Sevilla FC,1900,24,1924
2002-02-24,Real Sociedad,1897,-3,1894,Rayo Vallecano,1905,3,1908
2002-02-24,CD Tenerife,1806,15,1821,CA Osasuna,1898,-15,1883
2002-02-23,Valencia CF,2070,10,2080,FC Barcelona,2061,-10,2051
2002-02-23,Real Madrid,2083,5,2088,CD Alavés,1918,-5,1913
2002-02-23,Deportivo La Coruña,2022,4,2026,Real Zaragoza,1885,-4,1881
2002-02-17,Celta Vigo,1983,-4,1979,Málaga CF,1939,4,1943
2002-02-17,CD Alavés,1931,-13,1918,Real Betis,1923,13,1936
2002-02-17,UD Las Palmas,1892,-2,1890,Real Valladolid,1926,2,1928
2002-02-17,CA Osasuna,1901,-3,1898,Espanyol Barcelona,1911,3,1914
2002-02-17,Sevilla FC,1914,-14,1900,Real Sociedad,1883,14,1897
2002-02-17,Real Zaragoza,1877,8,1885,RCD Mallorca,1912,-8,1904
2002-02-17,Rayo Vallecano,1897,8,1905,CD Tenerife,1814,-8,1806
2002-02-16,FC Barcelona,2059,6,2065,Deportivo La Coruña,2020,-6,2014
2002-02-16,Athletic Bilbao,1946,11,1957,Real Madrid,2088,-11,2077
2002-02-16,Villarreal CF,1896,2,1898,Valencia CF,2066,-2,2064
2002-02-10,Real Madrid,2081,7,2088,UD Las Palmas,1899,-7,1892
2002-02-10,Deportivo La Coruña,2026,-6,2020,Villarreal CF,1890,6,1896
2002-02-10,Málaga CF,1932,7,1939,CD Alavés,1938,-7,1931
2002-02-10,Real Betis,1925,-2,1923,Athletic Bilbao,1944,2,1946
2002-02-10,Espanyol Barcelona,1903,8,1911,Real Valladolid,1934,-8,1926
2002-02-10,CA Osasuna,1893,8,1901,Rayo Vallecano,1905,-8,1897
2002-02-10,Real Sociedad,1872,11,1883,Real Zaragoza,1888,-11,1877
2002-02-10,CD Tenerife,1814,0,1814,Sevilla FC,1914,0,1914
2002-02-09,Valencia CF,2071,-5,2066,Celta Vigo,1978,5,1983
2002-02-09,RCD Mallorca,1911,1,1912,FC Barcelona,2060,-1,2059
2002-02-06,Real Valladolid,1922,12,1934,Real Madrid,2093,-12,2081
2002-02-06,CD Alavés,1948,-10,1938,Valencia CF,2061,10,2071
2002-02-06,FC Barcelona,2055,5,2060,Real Sociedad,1877,-5,1872
2002-02-06,Athletic Bilbao,1937,7,1944,Málaga CF,1939,-7,1932
2002-02-06,UD Las Palmas,1901,-2,1899,Real Betis,1923,2,1925
2002-02-06,Rayo Vallecano,1908,-3,1905,Espanyol Barcelona,1900,3,1903
2002-02-06,Sevilla FC,1918,-4,1914,CA Osasuna,1889,4,1893
2002-02-06,Villarreal CF,1882,8,1890,RCD Mallorca,1919,-8,1911
2002-02-06,Real Zaragoza,1893,-5,1888,CD Tenerife,1809,5,1814
2002-02-05,Celta Vigo,1997,-19,1978,Deportivo La Coruña,2007,19,2026
2002-02-03,Valencia CF,2056,5,2061,Athletic Bilbao,1942,-5,1937
2002-02-03,Espanyol Barcelona,1887,13,1900,Real Madrid,2106,-13,2093
2002-02-03,Real Betis,1911,12,1923,Real Valladolid,1934,-12,1922
2002-02-03,Málaga CF,1943,-4,1939,UD Las Palmas,1897,4,1901
2002-02-03,CA Osasuna,1892,-3,1889,Real Zaragoza,1890,3,1893
2002-02-02,Deportivo La Coruña,2022,-15,2007,CD Alavés,1933,15,1948
2002-02-02,RCD Mallorca,1930,-11,1919,Celta Vigo,1986,11,1997
2002-02-02,CD Tenerife,1823,-14,1809,FC Barcelona,2041,14,2055
2002-02-02,Rayo Vallecano,1900,8,1908,Sevilla FC,1926,-8,1918
2002-02-02,Real Sociedad,1869,8,1877,Villarreal CF,1890,-8,1882
2002-01-27,Real Madrid,2106,-7,2099,Real Betis,1904,7,1911
2002-01-27,Athletic Bilbao,1950,-1,1949,Deportivo La Coruña,2029,1,2030
2002-01-27,FC Barcelona,2058,-17,2041,CA Osasuna,1875,17,1892
2002-01-27,Real Valladolid,1937,-3,1934,Málaga CF,1940,3,1943
2002-01-27,CD Alavés,1960,-27,1933,RCD Mallorca,1903,27,1930
2002-01-27,Sevilla FC,1914,12,1926,Espanyol Barcelona,1899,-12,1887
2002-01-27,Real Zaragoza,1882,8,1890,Rayo Vallecano,1908,-8,1900
2002-01-27,Villarreal CF,1884,6,1890,CD Tenerife,1829,-6,1823
2002-01-26,UD Las Palmas,1906,-9,1897,Valencia CF,2047,9,2056
2002-01-26,Celta Vigo,1979,7,1986,Real Sociedad,1876,-7,1869
2002-01-23,Rayo Vallecano,1894,14,1908,CD Alavés,1974,-14,1960
2002-01-20,Valencia CF,2063,-16,2047,Real Valladolid,1921,16,1937
2002-01-20,Rayo Vallecano,1881,13,1894,FC Barcelona,2071,-13,2058
2002-01-20,Deportivo La Coruña,2019,5,2024,UD Las Palmas,1911,-5,1906
2002-01-20,RCD Mallorca,1887,16,1903,Athletic Bilbao,1954,-16,1938
2002-01-20,CD Tenerife,1827,2,1829,Celta Vigo,1981,-2,1979
2002-01-20,Espanyol Barcelona,1902,-3,1899,Real Betis,1901,3,1904
2002-01-20,Sevilla FC,1904,10,1914,Real Zaragoza,1892,-10,1882
2002-01-20,CA Osasuna,1878,-3,1875,Villarreal CF,1881,3,1884
2002-01-19,Málaga CF,1938,2,1940,Real Madrid,2120,-2,2118
2002-01-19,Real Sociedad,1887,-11,1876,CD Alavés,1963,11,1974
2002-01-13,Real Madrid,2128,6,2134,Valencia CF,2069,-6,2063
2002-01-13,FC Barcelona,2065,6,2071,Sevilla FC,1910,-6,1904
2002-01-13,Real Valladolid,1889,21,1910,Deportivo La Coruña,2051,-21,2030
2002-01-13,Celta Vigo,1987,-6,1981,CA Osasuna,1872,6,1878
2002-01-13,Real Betis,1903,-2,1901,Málaga CF,1936,2,1938
2002-01-13,UD Las Palmas,1900,11,1911,RCD Mallorca,1898,-11,1887
2002-01-13,Real Zaragoza,1895,-3,1892,Espanyol Barcelona,1899,3,1902
2002-01-13,CD Alavés,1959,4,1963,CD Tenerife,1831,-4,1827
2002-01-12,Athletic Bilbao,1942,6,1948,Real Sociedad,1893,-6,1887
2002-01-12,Villarreal CF,1891,-4,1887,Rayo Vallecano,1863,4,1867
2002-01-06,Real Betis,1916,-13,1903,Valencia CF,2056,13,2069
2002-01-06,FC Barcelona,2060,5,2065,Real Zaragoza,1900,-5,1895
2002-01-06,Málaga CF,1926,10,1936,Espanyol Barcelona,1909,-10,1899
2002-01-06,CD Alavés,1983,-24,1959,CA Osasuna,1848,24,1872
2002-01-06,Real Valladolid,1892,8,1900,RCD Mallorca,1906,-8,1898
2002-01-06,Athletic Bilbao,1939,-16,1923,CD Tenerife,1815,16,1831
2002-01-05,Real Madrid,2115,8,2123,Deportivo La Coruña,2053,-8,2045
2002-01-05,Celta Vigo,1993,-6,1987,Rayo Vallecano,1857,6,1863
2002-01-05,Villarreal CF,1931,-21,1910,Sevilla FC,1889,21,1910
2002-01-05,UD Las Palmas,1903,-3,1900,Real Sociedad,1890,3,1893
2001-12-23,RCD Mallorca,1903,3,1906,Real Madrid,2118,-3,2115
2001-12-23,Real Zaragoza,1892,8,1900,Villarreal CF,1939,-8,1931
2001-12-23,CA Osasuna,1859,-11,1848,Athletic Bilbao,1928,11,1939
2001-12-22,Valencia CF,2052,4,2056,Málaga CF,1930,-4,1926
2001-12-22,Espanyol Barcelona,1890,19,1909,FC Barcelona,2079,-19,2060
2001-12-22,Deportivo La Coruña,2047,6,2053,Real Betis,1922,-6,1916
2001-12-22,Sevilla FC,1900,-11,1889,Celta Vigo,1982,11,1993
2001-12-22,Real Sociedad,1873,17,1890,Real Valladolid,1909,-17,1892
2001-12-22,CD Tenerife,1832,-17,1815,UD Las Palmas,1886,17,1903
2001-12-16,Villarreal CF,1943,-9,1934,FC Barcelona,2070,9,2079
2001-12-16,Málaga CF,1930,0,1930,Deportivo La Coruña,2047,0,2047
2001-12-16,CD Alavés,1998,-15,1983,Sevilla FC,1885,15,1900
2001-12-16,Celta Vigo,1974,8,1982,Real Zaragoza,1900,-8,1892
2001-12-16,Real Betis,1915,7,1922,RCD Mallorca,1917,-7,1910
2001-12-16,Athletic Bilbao,1928,-5,1923,Rayo Vallecano,1852,5,1857
2001-12-16,Real Valladolid,1909,-5,1904,CD Tenerife,1827,5,1832
2001-12-15,Real Madrid,2113,4,2117,Real Sociedad,1877,-4,1873
2001-12-15,Espanyol Barcelona,1899,-9,1890,Valencia CF,2043,9,2052
2001-12-15,UD Las Palmas,1890,-4,1886,CA Osasuna,1855,4,1859
2001-12-09,Deportivo La Coruña,2039,8,2047,Valencia CF,2051,-8,2043
2001-12-09,FC Barcelona,2075,-5,2070,Celta Vigo,1969,5,1974
2001-12-09,Real Zaragoza,1916,-16,1900,CD Alavés,1982,16,1998
2001-12-09,RCD Mallorca,1934,-3,1931,Málaga CF,1927,3,1930
2001-12-09,Villarreal CF,1934,-4,1930,Espanyol Barcelona,1895,4,1899
2001-12-09,Real Sociedad,1879,-2,1877,Real Betis,1913,2,1915
2001-12-09,CA Osasuna,1846,9,1855,Real Valladolid,1906,-9,1897
2001-12-09,Rayo Vallecano,1854,-2,1852,UD Las Palmas,1888,2,1890
2001-12-08,CD Tenerife,1835,-8,1827,Real Madrid,2123,8,2131
2001-12-08,Sevilla FC,1887,-2,1885,Athletic Bilbao,1928,2,1930
2001-12-02,Celta Vigo,1959,10,1969,Villarreal CF,1944,-10,1934
2001-12-02,Athletic Bilbao,1921,7,1928,Real Zaragoza,1923,-7,1916
2001-12-02,Málaga CF,1921,6,1927,Real Sociedad,1885,-6,1879
2001-12-02,UD Las Palmas,1880,8,1888,Sevilla FC,1895,-8,1887
2001-12-02,Real Valladolid,1897,9,1906,Rayo Vallecano,1863,-9,1854
2001-12-02,Real Betis,1907,6,1913,CD Tenerife,1841,-6,1835
2001-12-01,CD Alavés,1965,17,1982,FC Barcelona,2100,-17,2083
2001-12-01,Valencia CF,2068,-6,2062,RCD Mallorca,1948,6,1954
2001-12-01,Real Madrid,2111,2,2113,CA Osasuna,1848,-2,1846
2001-12-01,Espanyol Barcelona,1882,13,1895,Deportivo La Coruña,2072,-13,2059
2001-11-25,RCD Mallorca,1927,21,1948,Deportivo La Coruña,2090,-21,2069
2001-11-25,Rayo Vallecano,1859,-11,1848,Real Madrid,2100,11,2111
2001-11-25,Real Sociedad,1865,20,1885,Valencia CF,2088,-20,2068
2001-11-25,Villarreal CF,1939,9,1948,CD Alavés,1995,-9,1986
2001-11-25,Celta Vigo,1963,10,1973,Espanyol Barcelona,1892,-10,1882
2001-11-25,Real Zaragoza,1917,6,1923,UD Las Palmas,1886,-6,1880
2001-11-25,Sevilla FC,1880,15,1895,Real Valladolid,1905,-15,1890
2001-11-25,CD Tenerife,1831,10,1841,Málaga CF,1931,-10,1921
2001-11-25,CA Osasuna,1862,-12,1850,Real Betis,1895,12,1907
2001-11-24,FC Barcelona,2117,-17,2100,Athletic Bilbao,1898,17,1915
2001-11-18,CD Alavés,1988,7,1995,Celta Vigo,1970,-7,1963
2001-11-18,Valencia CF,2089,-8,2081,CD Tenerife,1823,8,1831
2001-11-18,Espanyol Barcelona,1883,9,1892,RCD Mallorca,1959,-9,1950
2001-11-18,Athletic Bilbao,1900,-2,1898,Villarreal CF,1937,2,1939
2001-11-18,Real Valladolid,1893,12,1905,Real Zaragoza,1929,-12,1917
2001-11-18,Málaga CF,1925,6,1931,CA Osasuna,1868,-6,1862
2001-11-18,Real Betis,1885,10,1895,Rayo Vallecano,1869,-10,1859
2001-11-17,UD Las Palmas,1883,3,1886,FC Barcelona,2086,-3,2083
2001-11-17,Real Madrid,2082,3,2085,Sevilla FC,1883,-3,1880
2001-11-17,Deportivo La Coruña,2071,4,2075,Real Sociedad,1869,-4,1865
2001-11-11,Real Zaragoza,1917,12,1929,Real Madrid,2094,-12,2082
2001-11-11,FC Barcelona,2080,6,2086,Real Valladolid,1899,-6,1893
2001-11-11,CA Osasuna,1864,4,1868,Valencia CF,2093,-4,2089
2001-11-11,CD Tenerife,1800,23,1823,Deportivo La Coruña,2094,-23,2071
2001-11-11,CD Alavés,1983,5,1988,Espanyol Barcelona,1888,-5,1883
2001-11-11,Celta Vigo,1985,-15,1970,Athletic Bilbao,1885,15,1900
2001-11-11,Real Sociedad,1880,-11,1869,RCD Mallorca,1948,11,1959
2001-11-11,Villarreal CF,1928,9,1937,UD Las Palmas,1892,-9,1883
2001-11-11,Rayo Vallecano,1852,17,1869,Málaga CF,1942,-17,1925
2001-11-10,Sevilla FC,1886,-3,1883,Real Betis,1882,3,1885
2001-11-04,Real Madrid,2082,12,2094,FC Barcelona,2109,-12,2097
2001-11-04,Deportivo La Coruña,2089,5,2094,CA Osasuna,1869,-5,1864
2001-11-04,Valencia CF,2090,3,2093,Rayo Vallecano,1855,-3,1852
2001-11-04,UD Las Palmas,1876,16,1892,Celta Vigo,2001,-16,1985
2001-11-04,Málaga CF,1965,-23,1942,Sevilla FC,1863,23,1886
2001-11-04,Real Valladolid,1891,8,1899,Villarreal CF,1936,-8,1928
2001-11-04,Real Betis,1895,-13,1882,Real Zaragoza,1904,13,1917
2001-11-04,Espanyol Barcelona,1902,-14,1888,Real Sociedad,1866,14,1880
2001-11-04,RCD Mallorca,1942,6,1948,CD Tenerife,1806,-6,1800
2001-11-03,Athletic Bilbao,1875,10,1885,CD Alavés,1988,-10,1978
2001-10-28,Sevilla FC,1859,4,1863,Valencia CF,2090,-4,2086
2001-10-28,Celta Vigo,2041,-6,2035,Real Valladolid,1885,6,1891
2001-10-28,Real Zaragoza,1935,-19,1916,Málaga CF,1946,19,1965
2001-10-28,CD Alavés,1983,5,1988,UD Las Palmas,1881,-5,1876
2001-10-28,Athletic Bilbao,1877,-2,1875,Espanyol Barcelona,1900,2,1902
2001-10-27,Villarreal CF,1944,-8,1936,Real Madrid,2102,8,2110
2001-10-27,FC Barcelona,2101,5,2106,Real Betis,1900,-5,1895
2001-10-27,Rayo Vallecano,1841,14,1855,Deportivo La Coruña,2103,-14,2089
2001-10-27,CA Osasuna,1851,18,1869,RCD Mallorca,1946,-18,1928
2001-10-27,CD Tenerife,1818,-12,1806,Real Sociedad,1854,12,1866
2001-10-21,Real Madrid,2112,-5,2107,Celta Vigo,2036,5,2041
2001-10-21,Valencia CF,2084,6,2090,Real Zaragoza,1941,-6,1935
2001-10-21,Real Valladolid,1901,-16,1885,CD Alavés,1967,16,1983
2001-10-21,RCD Mallorca,1947,8,1955,Rayo Vallecano,1849,-8,1841
2001-10-21,Espanyol Barcelona,1892,8,1900,CD Tenerife,1826,-8,1818
2001-10-20,Málaga CF,1945,1,1946,FC Barcelona,2085,-1,2084
2001-10-20,Deportivo La Coruña,2110,2,2112,Sevilla FC,1861,-2,1859
2001-10-20,Real Betis,1902,-2,1900,Villarreal CF,1942,2,1944
2001-10-20,UD Las Palmas,1884,-3,1881,Athletic Bilbao,1874,3,1877
2001-10-20,Real Sociedad,1846,8,1854,CA Osasuna,1859,-8,1851
2001-10-14,FC Barcelona,2076,-2,2074,Valencia CF,2089,2,2091
2001-10-14,Celta Vigo,2026,7,2033,Real Betis,1909,-7,1902
2001-10-14,Villarreal CF,1955,-13,1942,Málaga CF,1932,13,1945
2001-10-14,UD Las Palmas,1872,12,1884,Espanyol Barcelona,1904,-12,1892
2001-10-14,Athletic Bilbao,1897,-23,1874,Real Valladolid,1878,23,1901
2001-10-14,Rayo Vallecano,1841,8,1849,Real Sociedad,1854,-8,1846
2001-10-14,CA Osasuna,1881,-22,1859,CD Tenerife,1804,22,1826
2001-10-13,CD Alavés,1966,1,1967,Real Madrid,2091,-1,2090
2001-10-13,Real Zaragoza,1958,-9,1949,Deportivo La Coruña,2080,9,2089
2001-10-13,Sevilla FC,1860,1,1861,RCD Mallorca,1987,-1,1986
2001-10-07,Valencia CF,2085,4,2089,Villarreal CF,1956,-4,1952
2001-10-07,Málaga CF,1928,0,1928,Celta Vigo,2026,0,2026
2001-10-07,RCD Mallorca,2001,-14,1987,Real Zaragoza,1944,14,1958
2001-10-07,Real Betis,1900,9,1909,CD Alavés,1975,-9,1966
2001-10-07,Espanyol Barcelona,1924,-4,1920,CA Osasuna,1877,4,1881
2001-10-07,Real Valladolid,1876,7,1883,UD Las Palmas,1879,-7,1872
2001-10-07,Real Sociedad,1870,-3,1867,Sevilla FC,1857,3,1860
2001-10-07,CD Tenerife,1792,12,1804,Rayo Vallecano,1831,-12,1819
2001-10-06,Deportivo La Coruña,2073,7,2080,FC Barcelona,2068,-7,2061
2001-10-06,Real Madrid,2086,5,2091,Athletic Bilbao,1902,-5,1897
2001-10-04,Celta Vigo,2027,-1,2026,Valencia CF,2084,1,2085
2001-10-03,FC Barcelona,2057,11,2068,RCD Mallorca,2012,-11,2001
2001-10-03,Villarreal CF,1955,1,1956,Deportivo La Coruña,2074,-1,2073
2001-10-03,UD Las Palmas,1858,21,1879,Real Madrid,2107,-21,2086
2001-10-03,CD Alavés,1969,6,1975,Málaga CF,1934,-6,1928
2001-10-03,Real Zaragoza,1938,6,1944,Real Sociedad,1876,-6,1870
2001-10-03,Athletic Bilbao,1905,-3,1902,Real Betis,1897,3,1900
2001-10-03,Real Valladolid,1888,-12,1876,Espanyol Barcelona,1912,12,1924
2001-10-03,Rayo Vallecano,1843,-12,1831,CA Osasuna,1865,12,1877
2001-10-03,Sevilla FC,1848,9,1857,CD Tenerife,1801,-9,1792
2001-09-30,Deportivo La Coruña,2078,-4,2074,Celta Vigo,2023,4,2027
2001-09-30,Valencia CF,2090,-6,2084,CD Alavés,1963,6,1969
2001-09-30,RCD Mallorca,2027,-15,2012,Villarreal CF,1940,15,1955
2001-09-30,Real Betis,1891,6,1897,UD Las Palmas,1864,-6,1858
2001-09-30,CD Tenerife,1800,1,1801,Real Zaragoza,1939,-1,1938
2001-09-30,CA Osasuna,1858,7,1865,Sevilla FC,1855,-7,1848
2001-09-29,Real Madrid,2114,-7,2107,Real Valladolid,1881,7,1888
2001-09-29,Real Sociedad,1889,-13,1876,FC Barcelona,2044,13,2057
2001-09-29,Málaga CF,1948,-14,1934,Athletic Bilbao,1891,14,1905
2001-09-29,Espanyol Barcelona,1903,9,1912,Rayo Vallecano,1852,-9,1843
2001-09-23,Celta Vigo,2033,10,2043,RCD Mallorca,2019,-10,2009
2001-09-23,Athletic Bilbao,1888,3,1891,Valencia CF,2091,-3,2088
2001-09-23,Real Zaragoza,1949,-15,1934,CA Osasuna,1843,15,1858
2001-09-23,Real Valladolid,1901,-20,1881,Real Betis,1871,20,1891
2001-09-23,Sevilla FC,1847,8,1855,Rayo Vallecano,1860,-8,1852
2001-09-22,CD Alavés,1974,-11,1963,Deportivo La Coruña,2055,11,2066
2001-09-22,Real Madrid,2096,6,2102,Espanyol Barcelona,1909,-6,1903
2001-09-22,FC Barcelona,2051,4,2055,CD Tenerife,1804,-4,1800
2001-09-22,Villarreal CF,1934,6,1940,Real Sociedad,1895,-6,1889
2001-09-22,UD Las Palmas,1864,0,1864,Málaga CF,1948,0,1948
2001-09-16,Valencia CF,2085,3,2088,UD Las Palmas,1867,-3,1864
2001-09-16,Real Sociedad,1894,1,1895,Celta Vigo,2030,-1,2029
2001-09-16,Málaga CF,1963,-15,1948,Real Valladolid,1886,15,1901
2001-09-16,Rayo Vallecano,1871,-11,1860,Real Zaragoza,1935,11,1946
2001-09-16,Espanyol Barcelona,1924,-15,1909,Sevilla FC,1832,15,1847
2001-09-16,CD Tenerife,1786,18,1804,Villarreal CF,1952,-18,1934
2001-09-15,RCD Mallorca,2044,-5,2039,CD Alavés,1969,5,1974
2001-09-15,Real Betis,1850,21,1871,Real Madrid,2107,-21,2086
2001-09-15,Deportivo La Coruña,2078,-17,2061,Athletic Bilbao,1871,17,1888
2001-09-15,CA Osasuna,1840,3,1843,FC Barcelona,2032,-3,2029
2001-09-09,Real Valladolid,1883,3,1886,Valencia CF,2088,-3,2085
2001-09-09,FC Barcelona,2039,-7,2032,Rayo Vallecano,1864,7,1871
2001-09-09,CD Alavés,1960,9,1969,Real Sociedad,1903,-9,1894
2001-09-09,Celta Vigo,2026,4,2030,CD Tenerife,1790,-4,1786
2001-09-09,Real Betis,1835,15,1850,Espanyol Barcelona,1939,-15,1924
2001-09-09,Real Zaragoza,1940,-5,1935,Sevilla FC,1827,5,1832
2001-09-08,Real Madrid,2094,-6,2088,Málaga CF,1957,6,1963
2001-09-08,UD Las Palmas,1874,-7,1867,Deportivo La Coruña,2071,7,2078
2001-09-08,Athletic Bilbao,1880,-9,1871,RCD Mallorca,2022,9,2031
2001-09-08,Villarreal CF,1943,9,1952,CA Osasuna,1849,-9,1840
2001-08-26,Deportivo La Coruña,2065,6,2071,Real Valladolid,1889,-6,1883
2001-08-26,RCD Mallorca,2052,-30,2022,UD Las Palmas,1844,30,1874
2001-08-26,Espanyol Barcelona,1931,8,1939,Real Zaragoza,1948,-8,1940
2001-08-26,CA Osasuna,1864,-15,1849,Celta Vigo,2011,15,2026
2001-08-26,Sevilla FC,1834,-7,1827,FC Barcelona,2032,7,2039
2001-08-26,Rayo Vallecano,1875,-11,1864,Villarreal CF,1932,11,1943
2001-08-26,Málaga CF,1952,5,1957,Real Betis,1840,-5,1835
2001-08-26,Real Sociedad,1925,-22,1903,Athletic Bilbao,1858,22,1880
2001-08-26,CD Tenerife,1803,-13,1790,CD Alavés,1947,13,1960
2001-08-25,Valencia CF,2080,8,2088,Real Madrid,2102,-8,2094
2003-06-22,Real Madrid,2131,5,2136,Athletic Bilbao,1966,-5,1961
2003-06-22,FC Barcelona,2084,8,2092,Celta Vigo,2009,-8,2001
2003-06-22,Real Sociedad,2042,7,2049,Atlético Madrid,1886,-7,1879
2003-06-22,Villarreal CF,1899,-21,1878,Real Betis,1933,21,1954
2003-06-21,Sevilla FC,1955,-19,1936,Valencia CF,2020,19,2039
2003-06-21,Deportivo La Coruña,2057,4,2061,Espanyol Barcelona,1910,-4,1906
2003-06-21,RCD Mallorca,1954,7,1961,Málaga CF,1930,-7,1923
2003-06-21,Racing Santander,1882,-13,1869,CA Osasuna,1889,13,1902
2003-06-21,CD Alavés,1818,-1,1817,Real Valladolid,1891,1,1892
2003-06-21,Rayo Vallecano,1832,-2,1830,Recreativo Huelva,1863,2,1865
2003-06-15,Valencia CF,2038,-18,2020,FC Barcelona,2066,18,2084
2003-06-15,Celta Vigo,2000,9,2009,Real Sociedad,2051,-9,2042
2003-06-15,Athletic Bilbao,1956,10,1966,Deportivo La Coruña,2067,-10,2057
2003-06-15,Atlético Madrid,1899,-13,1886,Real Madrid,2118,13,2131
2003-06-15,Málaga CF,1922,8,1930,Sevilla FC,1963,-8,1955
2003-06-15,Recreativo Huelva,1863,0,1863,RCD Mallorca,1954,0,1954
2003-06-15,Real Betis,1923,10,1933,Racing Santander,1892,-10,1882
2003-06-15,Espanyol Barcelona,1913,-3,1910,Villarreal CF,1896,3,1899
2003-06-15,CA Osasuna,1880,9,1889,CD Alavés,1827,-9,1818
2003-06-14,Real Valladolid,1882,9,1891,Rayo Vallecano,1841,-9,1832
2003-06-01,Real Sociedad,2054,-3,2051,Valencia CF,2035,3,2038
2003-06-01,FC Barcelona,2062,4,2066,Málaga CF,1926,-4,1922
2003-06-01,Deportivo La Coruña,2063,4,2067,Atlético Madrid,1903,-4,1899
2003-06-01,Villarreal CF,1897,-1,1896,Athletic Bilbao,1955,1,1956
2003-06-01,Sevilla FC,1958,5,1963,Recreativo Huelva,1868,-5,1863
2003-06-01,Racing Santander,1877,15,1892,Espanyol Barcelona,1928,-15,1913
2003-06-01,RCD Mallorca,1960,-6,1954,Rayo Vallecano,1835,6,1841
2003-06-01,Real Valladolid,1903,-21,1882,CA Osasuna,1859,21,1880
2003-06-01,CD Alavés,1838,-11,1827,Real Betis,1912,11,1923
2003-05-31,Real Madrid,2124,-6,2118,Celta Vigo,1994,6,2000
2003-05-25,Málaga CF,1941,-15,1926,Real Sociedad,2039,15,2054
2003-05-25,Recreativo Huelva,1880,-12,1868,FC Barcelona,2050,12,2062
2003-05-25,RCD Mallorca,1981,-21,1960,Sevilla FC,1937,21,1958
2003-05-25,Real Betis,1915,-3,1912,Real Valladolid,1900,3,1903
2003-05-25,Espanyol Barcelona,1920,8,1928,CD Alavés,1846,-8,1838
2003-05-24,Valencia CF,2046,-11,2035,Real Madrid,2113,11,2124
2003-05-24,Celta Vigo,1976,18,1994,Deportivo La Coruña,2081,-18,2063
2003-05-24,Athletic Bilbao,1949,6,1955,Racing Santander,1883,-6,1877
2003-05-24,Atlético Madrid,1896,7,1903,Villarreal CF,1904,-7,1897
2003-05-24,Rayo Vallecano,1837,-2,1835,CA Osasuna,1857,2,1859
2003-05-18,Real Madrid,2106,7,2113,Málaga CF,1948,-7,1941
2003-05-18,FC Barcelona,2065,-15,2050,RCD Mallorca,1966,15,1981
2003-05-18,Real Sociedad,2035,4,2039,Recreativo Huelva,1884,-4,1880
2003-05-18,Villarreal CF,1883,21,1904,Celta Vigo,1997,-21,1976
2003-05-18,Real Valladolid,1902,-2,1900,Espanyol Barcelona,1918,2,1920
2003-05-18,CD Alavés,1862,-16,1846,Athletic Bilbao,1933,16,1949
2003-05-18,Sevilla FC,1942,-5,1937,Rayo Vallecano,1832,5,1837
2003-05-18,CA Osasuna,1848,9,1857,Real Betis,1924,-9,1915
2003-05-17,Deportivo La Coruña,2095,-14,2081,Valencia CF,2032,14,2046
2003-05-17,Racing Santander,1903,-20,1883,Atlético Madrid,1876,20,1896
2003-05-11,Sevilla FC,1941,1,1942,FC Barcelona,2066,-1,2065
2003-05-11,RCD Mallorca,1984,-18,1966,Real Sociedad,2017,18,2035
2003-05-11,Valencia CF,2049,-17,2032,Villarreal CF,1866,17,1883
2003-05-11,Celta Vigo,2002,-5,1997,Racing Santander,1898,5,1903
2003-05-11,Rayo Vallecano,1832,0,1832,Real Betis,1924,0,1924
2003-05-10,Málaga CF,1962,-14,1948,Deportivo La Coruña,2081,14,2095
2003-05-10,Recreativo Huelva,1880,4,1884,Real Madrid,2129,-4,2125
2003-05-10,Athletic Bilbao,1937,-4,1933,Real Valladolid,1898,4,1902
2003-05-10,Espanyol Barcelona,1923,-5,1918,CA Osasuna,1843,5,1848
2003-05-10,Atlético Madrid,1890,-14,1876,CD Alavés,1848,14,1862
2003-05-04,Deportivo La Coruña,2075,6,2081,Recreativo Huelva,1886,-6,1880
2003-05-04,Racing Santander,1886,12,1898,Valencia CF,2061,-12,2049
2003-05-04,FC Barcelona,2061,5,2066,Rayo Vallecano,1837,-5,1832
2003-05-04,CD Alavés,1846,2,1848,Celta Vigo,2004,-2,2002
2003-05-04,Real Betis,1927,-3,1924,Espanyol Barcelona,1920,3,1923
2003-05-04,Villarreal CF,1866,0,1866,Málaga CF,1962,0,1962
2003-05-04,Real Valladolid,1887,11,1898,Atlético Madrid,1901,-11,1890
2003-05-04,CA Osasuna,1864,-21,1843,Athletic Bilbao,1916,21,1937
2003-05-03,Real Madrid,2151,-32,2119,RCD Mallorca,1952,32,1984
2003-05-03,Real Sociedad,2011,6,2017,Sevilla FC,1947,-6,1941
2003-04-27,Sevilla FC,1959,-12,1947,Real Madrid,2139,12,2151
2003-04-27,FC Barcelona,2055,6,2061,Real Sociedad,2017,-6,2011
2003-04-27,RCD Mallorca,1931,21,1952,Deportivo La Coruña,2096,-21,2075
2003-04-27,Valencia CF,2056,5,2061,CD Alavés,1851,-5,1846
2003-04-27,Celta Vigo,2010,-6,2004,Real Valladolid,1881,6,1887
2003-04-27,Málaga CF,1967,-5,1962,Racing Santander,1881,5,1886
2003-04-27,Rayo Vallecano,1857,-20,1837,Espanyol Barcelona,1900,20,1920
2003-04-27,Recreativo Huelva,1871,15,1886,Villarreal CF,1881,-15,1866
2003-04-26,Athletic Bilbao,1904,12,1916,Real Betis,1939,-12,1927
2003-04-26,Atlético Madrid,1915,-14,1901,CA Osasuna,1850,14,1864
2003-04-20,Deportivo La Coruña,2089,7,2096,Sevilla FC,1966,-7,1959
2003-04-20,Real Sociedad,2009,8,2017,Rayo Vallecano,1865,-8,1857
2003-04-20,CA Osasuna,1864,-14,1850,Celta Vigo,1996,14,2010
2003-04-20,Real Betis,1943,-4,1939,Atlético Madrid,1911,4,1915
2003-04-20,CD Alavés,1861,-10,1851,Málaga CF,1957,10,1967
2003-04-20,Espanyol Barcelona,1903,-3,1900,Athletic Bilbao,1901,3,1904
2003-04-20,Racing Santander,1874,7,1881,Recreativo Huelva,1878,-7,1871
2003-04-19,Real Madrid,2154,-5,2149,FC Barcelona,2069,5,2074
2003-04-19,Real Valladolid,1868,13,1881,Valencia CF,2057,-13,2044
2003-04-19,Villarreal CF,1883,-2,1881,RCD Mallorca,1929,2,1931
2003-04-13,Real Sociedad,1990,19,2009,Real Madrid,2173,-19,2154
2003-04-13,Celta Vigo,1990,6,1996,Real Betis,1949,-6,1943
2003-04-13,Valencia CF,2054,3,2057,CA Osasuna,1867,-3,1864
2003-04-13,Málaga CF,1952,5,1957,Real Valladolid,1873,-5,1868
2003-04-13,Atlético Madrid,1914,-3,1911,Espanyol Barcelona,1900,3,1903
2003-04-13,RCD Mallorca,1933,-4,1929,Racing Santander,1870,4,1874
2003-04-13,Rayo Vallecano,1867,-2,1865,Athletic Bilbao,1899,2,1901
2003-04-13,Recreativo Huelva,1871,7,1878,CD Alavés,1868,-7,1861
2003-04-12,FC Barcelona,2089,-20,2069,Deportivo La Coruña,2069,20,2089
2003-04-12,Sevilla FC,1958,8,1966,Villarreal CF,1891,-8,1883
2003-04-06,Deportivo La Coruña,2063,6,2069,Real Sociedad,1996,-6,1990
2003-04-06,Racing Santander,1860,10,1870,Sevilla FC,1968,-10,1958
2003-04-06,CA Osasuna,1878,-11,1867,Málaga CF,1941,11,1952
2003-04-06,Athletic Bilbao,1891,8,1899,Atlético Madrid,1922,-8,1914
2003-04-06,CD Alavés,1869,-1,1868,RCD Mallorca,1932,1,1933
2003-04-06,Real Valladolid,1887,-14,1873,Recreativo Huelva,1857,14,1871
2003-04-05,Real Madrid,2153,3,2156,Rayo Vallecano,1870,-3,1867
2003-04-05,Real Betis,1932,17,1949,Valencia CF,2082,-17,2065
2003-04-05,Villarreal CF,1870,21,1891,FC Barcelona,2106,-21,2085
2003-04-05,Espanyol Barcelona,1900,0,1900,Celta Vigo,1990,0,1990
2003-03-23,Real Madrid,2145,8,2153,Deportivo La Coruña,2071,-8,2063
2003-03-23,Valencia CF,2089,-7,2082,Espanyol Barcelona,1893,7,1900
2003-03-23,FC Barcelona,2101,5,2106,Racing Santander,1865,-5,1860
2003-03-23,Celta Vigo,1985,5,1990,Athletic Bilbao,1896,-5,1891
2003-03-23,Málaga CF,1944,-3,1941,Real Betis,1929,3,1932
2003-03-23,Real Sociedad,2002,-6,1996,Villarreal CF,1864,6,1870
2003-03-23,Sevilla FC,1963,5,1968,CD Alavés,1874,-5,1869
2003-03-23,RCD Mallorca,1926,6,1932,Real Valladolid,1893,-6,1887
2003-03-23,Recreativo Huelva,1859,-2,1857,CA Osasuna,1876,2,1878
2003-03-22,Rayo Vallecano,1871,-1,1870,Atlético Madrid,1921,1,1922
2003-03-16,Athletic Bilbao,1883,13,1896,Valencia CF,2088,-13,2075
2003-03-16,CD Alavés,1871,3,1874,FC Barcelona,2075,-3,2072
2003-03-16,Atlético Madrid,1933,-12,1921,Celta Vigo,1973,12,1985
2003-03-16,Real Valladolid,1894,-1,1893,Sevilla FC,1962,1,1963
2003-03-16,Espanyol Barcelona,1883,10,1893,Málaga CF,1969,-10,1959
2003-03-16,CA Osasuna,1878,-2,1876,RCD Mallorca,1924,2,1926
2003-03-16,Real Betis,1934,-5,1929,Recreativo Huelva,1854,5,1859
2003-03-15,Villarreal CF,1870,-6,1864,Real Madrid,2128,6,2134
2003-03-15,Deportivo La Coruña,2041,5,2046,Rayo Vallecano,1876,-5,1871
2003-03-15,Racing Santander,1874,-9,1865,Real Sociedad,1993,9,2002
2003-03-09,Real Sociedad,1986,7,1993,CD Alavés,1878,-7,1871
2003-03-09,RCD Mallorca,1916,8,1924,Real Betis,1942,-8,1934
2003-03-09,Rayo Vallecano,1865,11,1876,Celta Vigo,1984,-11,1973
2003-03-09,Málaga CF,1955,10,1965,Athletic Bilbao,1893,-10,1883
2003-03-09,Sevilla FC,1954,8,1962,CA Osasuna,1886,-8,1878
2003-03-09,Recreativo Huelva,1856,-2,1854,Espanyol Barcelona,1881,2,1883
2003-03-08,Valencia CF,2104,-17,2087,Atlético Madrid,1916,17,1933
2003-03-08,Real Madrid,2107,5,2112,Racing Santander,1879,-5,1874
2003-03-08,FC Barcelona,2074,-7,2067,Real Valladolid,1887,7,1894
2003-03-08,Deportivo La Coruña,2047,3,2050,Villarreal CF,1873,-3,1870
2003-03-02,Celta Vigo,1983,1,1984,Valencia CF,2105,-1,2104
2003-03-02,CA Osasuna,1888,2,1890,FC Barcelona,2076,-2,2074
2003-03-02,Racing Santander,1888,-9,1879,Deportivo La Coruña,2039,9,2048
2003-03-02,Real Betis,1955,-13,1942,Sevilla FC,1941,13,1954
2003-03-02,Real Valladolid,1868,19,1887,Real Sociedad,2005,-19,1986
2003-03-02,Atlético Madrid,1907,9,1916,Málaga CF,1964,-9,1955
2003-03-02,Villarreal CF,1866,7,1873,Rayo Vallecano,1872,-7,1865
2003-03-01,CD Alavés,1891,-13,1878,Real Madrid,2094,13,2107
2003-03-01,Espanyol Barcelona,1868,13,1881,RCD Mallorca,1928,-13,1915
2003-03-01,Athletic Bilbao,1908,-15,1893,Recreativo Huelva,1837,15,1852
2003-02-23,Rayo Vallecano,1883,-11,1872,Valencia CF,2138,11,2149
2003-02-23,Málaga CF,1950,-2,1948,Celta Vigo,1981,2,1983
2003-02-23,Real Sociedad,1998,7,2005,CA Osasuna,1895,-7,1888
2003-02-23,RCD Mallorca,1931,-3,1928,Athletic Bilbao,1905,3,1908
2003-02-23,Sevilla FC,1935,6,1941,Espanyol Barcelona,1874,-6,1868
2003-02-23,Villarreal CF,1889,-23,1866,Racing Santander,1865,23,1888
2003-02-23,Recreativo Huelva,1819,18,1837,Atlético Madrid,1925,-18,1907
2003-02-22,FC Barcelona,2063,9,2072,Real Betis,1964,-9,1955
2003-02-22,Real Madrid,2088,4,2092,Real Valladolid,1872,-4,1868
2003-02-22,Deportivo La Coruña,2022,9,2031,CD Alavés,1900,-9,1891
2003-02-16,CA Osasuna,1882,13,1895,Real Madrid,2091,-13,2078
2003-02-16,Real Betis,1955,9,1964,Real Sociedad,2007,-9,1998
2003-02-16,Atlético Madrid,1917,8,1925,RCD Mallorca,1939,-8,1931
2003-02-16,Athletic Bilbao,1892,13,1905,Sevilla FC,1948,-13,1935
2003-02-16,Celta Vigo,1974,7,1981,Recreativo Huelva,1826,-7,1819
2003-02-16,CD Alavés,1893,7,1900,Villarreal CF,1896,-7,1889
2003-02-16,Racing Santander,1852,13,1865,Rayo Vallecano,1896,-13,1883
2003-02-15,Valencia CF,2120,5,2125,Málaga CF,1959,-5,1954
2003-02-15,Espanyol Barcelona,1887,-13,1874,FC Barcelona,2028,13,2041
2003-02-15,Real Valladolid,1881,-9,1872,Deportivo La Coruña,2028,9,2037
2003-02-09,Recreativo Huelva,1821,5,1826,Valencia CF,2125,-5,2120
2003-02-09,FC Barcelona,2034,-6,2028,Athletic Bilbao,1886,6,1892
2003-02-09,RCD Mallorca,1958,-19,1939,Celta Vigo,1955,19,1974
2003-02-09,Deportivo La Coruña,2034,-6,2028,CA Osasuna,1876,6,1882
2003-02-09,Real Sociedad,2013,-6,2007,Espanyol Barcelona,1881,6,1887
2003-02-09,Sevilla FC,1952,-4,1948,Atlético Madrid,1913,4,1917
2003-02-09,Rayo Vallecano,1887,9,1896,Málaga CF,1968,-9,1959
2003-02-09,Racing Santander,1838,14,1852,CD Alavés,1907,-14,1893
2003-02-08,Real Madrid,2083,8,2091,Real Betis,1963,-8,1955
2003-02-08,Villarreal CF,1889,7,1896,Real Valladolid,1888,-7,1881
2003-02-02,Valencia CF,2122,3,2125,RCD Mallorca,1946,-3,1943
2003-02-02,Real Betis,1980,-17,1963,Deportivo La Coruña,2032,17,2049
2003-02-02,Espanyol Barcelona,1878,3,1881,Real Madrid,2086,-3,2083
2003-02-02,Celta Vigo,1969,-14,1955,Sevilla FC,1938,14,1952
2003-02-02,Athletic Bilbao,1865,21,1886,Real Sociedad,2034,-21,2013
2003-02-02,CD Alavés,1911,-4,1907,Rayo Vallecano,1883,4,1887
2003-02-02,CA Osasuna,1904,-14,1890,Villarreal CF,1875,14,1889
2003-02-02,Málaga CF,1961,7,1968,Recreativo Huelva,1814,-7,1807
2003-02-02,Real Valladolid,1882,6,1888,Racing Santander,1844,-6,1838
2003-02-01,Atlético Madrid,1892,21,1913,FC Barcelona,2055,-21,2034
2003-01-26,Valencia CF,2118,4,2122,Sevilla FC,1951,-4,1947
2003-01-26,Celta Vigo,1953,16,1969,FC Barcelona,2071,-16,2055
2003-01-26,Athletic Bilbao,1861,4,1865,Real Madrid,2113,-4,2109
2003-01-26,Espanyol Barcelona,1858,20,1878,Deportivo La Coruña,2066,-20,2046
2003-01-26,Málaga CF,1954,7,1961,RCD Mallorca,1930,-7,1923
2003-01-26,Real Betis,1975,5,1980,Villarreal CF,1880,-5,1875
2003-01-26,Real Valladolid,1902,-20,1882,CD Alavés,1891,20,1911
2003-01-26,CA Osasuna,1885,10,1895,Racing Santander,1854,-10,1844
2003-01-26,Recreativo Huelva,1799,10,1809,Rayo Vallecano,1893,-10,1883
2003-01-25,Atlético Madrid,1906,-9,1897,Real Sociedad,2025,9,2034
2003-01-19,Real Madrid,2127,-7,2120,Atlético Madrid,1910,7,1917
2003-01-19,Deportivo La Coruña,2061,3,2064,Athletic Bilbao,1864,-3,1861
2003-01-19,Sevilla FC,1959,-3,1956,Málaga CF,1951,3,1954
2003-01-19,Racing Santander,1864,-10,1854,Real Betis,1965,10,1975
2003-01-19,Rayo Vallecano,1906,-13,1893,Real Valladolid,1889,13,1902
2003-01-19,CD Alavés,1894,-3,1891,CA Osasuna,1877,3,1880
2003-01-19,Villarreal CF,1884,-4,1880,Espanyol Barcelona,1854,4,1858
2003-01-19,RCD Mallorca,1929,-6,1923,Recreativo Huelva,1782,6,1788
2003-01-18,FC Barcelona,2090,-19,2071,Valencia CF,2099,19,2118
2003-01-18,Real Sociedad,2019,6,2025,Celta Vigo,1959,-6,1953
2003-01-12,Málaga CF,1950,1,1951,FC Barcelona,2091,-1,2090
2003-01-12,Atlético Madrid,1886,19,1905,Deportivo La Coruña,2078,-19,2059
2003-01-12,Real Betis,1983,-5,1978,CD Alavés,1905,5,1910
2003-01-12,Rayo Vallecano,1919,-13,1906,RCD Mallorca,1893,13,1906
2003-01-12,CA Osasuna,1886,-2,1884,Real Valladolid,1910,2,1912
2003-01-12,Athletic Bilbao,1877,-13,1864,Villarreal CF,1871,13,1884
2003-01-12,Recreativo Huelva,1766,3,1769,Sevilla FC,1960,-3,1957
2003-01-12,Espanyol Barcelona,1840,14,1854,Racing Santander,1878,-14,1864
2003-01-11,Valencia CF,2104,-5,2099,Real Sociedad,2014,5,2019
2003-01-11,Celta Vigo,1968,-9,1959,Real Madrid,2117,9,2126
2003-01-05,Real Madrid,2111,13,2124,Valencia CF,2117,-13,2104
2003-01-05,Real Sociedad,2019,-5,2014,Málaga CF,1945,5,1950
2003-01-05,FC Barcelona,2088,3,2091,Recreativo Huelva,1762,-3,1759
2003-01-05,Sevilla FC,1941,11,1952,RCD Mallorca,1907,-11,1896
2003-01-05,Villarreal CF,1863,8,1871,Atlético Madrid,1886,-8,1878
2003-01-05,CD Alavés,1901,6,1907,Espanyol Barcelona,1846,-6,1840
2003-01-04,Deportivo La Coruña,2077,8,2085,Celta Vigo,1976,-8,1968
2003-01-04,Real Valladolid,1889,18,1907,Real Betis,2008,-18,1990
2003-01-04,CA Osasuna,1883,-12,1871,Rayo Vallecano,1907,12,1919
2003-01-04,Racing Santander,1892,-14,1878,Athletic Bilbao,1863,14,1877
2003-01-02,Real Madrid,2105,6,2111,Sevilla FC,1947,-6,1941
2002-12-22,Valencia CF,2131,-14,2117,Deportivo La Coruña,2063,14,2077
2002-12-22,Real Betis,2004,4,2008,CA Osasuna,1887,-4,1883
2002-12-22,Recreativo Huelva,1771,-9,1762,Real Sociedad,2010,9,2019
2002-12-22,Espanyol Barcelona,1837,9,1846,Real Valladolid,1898,-9,1889
2002-12-21,Málaga CF,1954,-9,1945,Real Madrid,2096,9,2105
2002-12-21,RCD Mallorca,1923,-16,1907,FC Barcelona,2072,16,2088
2002-12-21,Rayo Vallecano,1919,-12,1907,Sevilla FC,1935,12,1947
2002-12-21,Celta Vigo,1969,7,1976,Villarreal CF,1870,-7,1863
2002-12-21,Atlético Madrid,1899,-13,1886,Racing Santander,1879,13,1892
2002-12-21,Athletic Bilbao,1849,14,1863,CD Alavés,1915,-14,1901
2002-12-15,Deportivo La Coruña,2058,5,2063,Málaga CF,1959,-5,1954
2002-12-15,FC Barcelona,2102,-30,2072,Sevilla FC,1905,30,1935
2002-12-15,Real Sociedad,2005,5,2010,RCD Mallorca,1928,-5,1923
2002-12-15,Real Betis,2020,-16,2004,Rayo Vallecano,1903,16,1919
2002-12-15,Real Madrid,2094,2,2096,Recreativo Huelva,1773,-2,1771
2002-12-15,Racing Santander,1860,19,1879,Celta Vigo,1988,-19,1969
2002-12-15,Real Valladolid,1888,10,1898,Athletic Bilbao,1859,-10,1849
2002-12-15,CA Osasuna,1881,6,1887,Espanyol Barcelona,1843,-6,1837
2002-12-14,Villarreal CF,1879,-9,1870,Valencia CF,2122,9,2131
2002-12-14,CD Alavés,1904,11,1915,Atlético Madrid,1910,-11,1899
2002-12-08,RCD Mallorca,1945,-17,1928,Real Madrid,2086,17,2103
2002-12-08,Espanyol Barcelona,1855,-12,1843,Real Betis,2028,12,2040
2002-12-08,Celta Vigo,1969,6,1975,CD Alavés,1910,-6,1904
2002-12-08,Atlético Madrid,1903,7,1910,Real Valladolid,1895,-7,1888
2002-12-08,Athletic Bilbao,1879,-20,1859,CA Osasuna,1861,20,1881
2002-12-07,Rayo Vallecano,1890,13,1903,FC Barcelona,2103,-13,2090
2002-12-07,Valencia CF,2112,4,2116,Racing Santander,1864,-4,1860
2002-12-07,Sevilla FC,1916,-11,1905,Real Sociedad,1994,11,2005
2002-12-07,Recreativo Huelva,1768,5,1773,Deportivo La Coruña,2073,-5,2068
2002-12-07,Málaga CF,1948,-5,1943,Villarreal CF,1874,5,1879
2002-12-01,Real Sociedad,1983,11,1994,FC Barcelona,2114,-11,2103
2002-12-01,CD Alavés,1907,3,1910,Valencia CF,2115,-3,2112
2002-12-01,Deportivo La Coruña,2079,-6,2073,RCD Mallorca,1939,6,1945
2002-12-01,Real Betis,2024,4,2028,Athletic Bilbao,1883,-4,1879
2002-12-01,Real Valladolid,1913,-18,1895,Celta Vigo,1951,18,1969
2002-12-01,Racing Santander,1854,10,1864,Málaga CF,1958,-10,1948
2002-12-01,Espanyol Barcelona,1842,13,1855,Rayo Vallecano,1903,-13,1890
2002-12-01,Villarreal CF,1869,5,1874,Recreativo Huelva,1773,-5,1768
2002-11-30,CA Osasuna,1852,9,1861,Atlético Madrid,1912,-9,1903
2002-11-24,Valencia CF,2120,4,2124,Real Valladolid,1917,-4,1913
2002-11-24,Atlético Madrid,1901,11,1912,Real Betis,2029,-11,2018
2002-11-24,Málaga CF,1965,-4,1961,CD Alavés,1903,4,1907
2002-11-24,RCD Mallorca,1944,-5,1939,Villarreal CF,1864,5,1869
2002-11-24,Celta Vigo,1961,-5,1956,CA Osasuna,1847,5,1852
2002-11-24,Athletic Bilbao,1871,12,1883,Espanyol Barcelona,1854,-12,1842
2002-11-24,Recreativo Huelva,1763,10,1773,Racing Santander,1864,-10,1854
2002-11-23,FC Barcelona,2101,-3,2098,Real Madrid,2095,3,2098
2002-11-23,Sevilla FC,1914,2,1916,Deportivo La Coruña,2082,-2,2080
2002-11-23,Rayo Vallecano,1904,-1,1903,Real Sociedad,1982,1,1983
2002-11-17,Real Madrid,2101,-6,2095,Real Sociedad,1976,6,1982
2002-11-17,Real Betis,2023,6,2029,Celta Vigo,1967,-6,1961
2002-11-17,CA Osasuna,1832,15,1847,Valencia CF,2135,-15,2120
2002-11-17,Real Valladolid,1919,-2,1917,Málaga CF,1963,2,1965
2002-11-17,Racing Santander,1875,-11,1864,RCD Mallorca,1933,11,1944
2002-11-17,Athletic Bilbao,1862,9,1871,Rayo Vallecano,1913,-9,1904
2002-11-17,Espanyol Barcelona,1866,-12,1854,Atlético Madrid,1889,12,1901
2002-11-17,CD Alavés,1896,7,1903,Recreativo Huelva,1770,-7,1763
2002-11-16,Deportivo La Coruña,2069,13,2082,FC Barcelona,2114,-13,2101
2002-11-16,Villarreal CF,1855,9,1864,Sevilla FC,1923,-9,1914
2002-11-10,RCD Mallorca,1922,11,1933,CD Alavés,1919,-11,1908
2002-11-10,Celta Vigo,1967,5,1972,Espanyol Barcelona,1871,-5,1866
2002-11-10,Sevilla FC,1917,6,1923,Racing Santander,1881,-6,1875
2002-11-10,Atlético Madrid,1893,-4,1889,Athletic Bilbao,1858,4,1862
2002-11-10,Recreativo Huelva,1784,-14,1770,Real Valladolid,1905,14,1919
2002-11-09,Valencia CF,2136,-6,2130,Real Betis,2012,6,2018
2002-11-09,Real Sociedad,1977,-1,1976,Deportivo La Coruña,2047,1,2048
2002-11-09,Rayo Vallecano,1921,-8,1913,Real Madrid,2099,8,2107
2002-11-09,FC Barcelona,2106,2,2108,Villarreal CF,1857,-2,1855
2002-11-09,Málaga CF,1951,5,1956,CA Osasuna,1837,-5,1832
2002-11-03,Espanyol Barcelona,1877,-6,1871,Valencia CF,2138,6,2144
2002-11-03,Racing Santander,1877,4,1881,FC Barcelona,2110,-4,2106
2002-11-03,Real Betis,1992,12,2004,Málaga CF,1984,-12,1972
2002-11-03,Athletic Bilbao,1859,11,1870,Celta Vigo,1993,-11,1982
2002-11-03,Villarreal CF,1867,-10,1857,Real Sociedad,1967,10,1977
2002-11-03,CD Alavés,1900,8,1908,Sevilla FC,1925,-8,1917
2002-11-03,CA Osasuna,1852,-15,1837,Recreativo Huelva,1760,15,1775
2002-11-02,Deportivo La Coruña,2045,-2,2043,Real Madrid,2091,2,2093
2002-11-02,Real Valladolid,1920,-20,1900,RCD Mallorca,1907,20,1927
2002-11-02,Atlético Madrid,1871,13,1884,Rayo Vallecano,1934,-13,1921
2002-10-27,Málaga CF,1997,-16,1981,Espanyol Barcelona,1861,16,1877
2002-10-27,Sevilla FC,1918,7,1925,Real Valladolid,1927,-7,1920
2002-10-27,Real Sociedad,1962,5,1967,Racing Santander,1882,-5,1877
2002-10-27,RCD Mallorca,1898,9,1907,CA Osasuna,1861,-9,1852
2002-10-26,FC Barcelona,2089,7,2096,CD Alavés,1913,-7,1906
2002-10-26,Real Madrid,2120,-8,2112,Villarreal CF,1859,8,1867
2002-10-26,Valencia CF,2113,4,2117,Athletic Bilbao,1863,-4,1859
2002-10-26,Rayo Vallecano,1945,-11,1934,Deportivo La Coruña,2021,11,2032
2002-10-26,Celta Vigo,1994,-6,1988,Atlético Madrid,1865,6,1871
2002-10-26,Recreativo Huelva,1756,4,1760,Real Betis,1986,-4,1982
2002-10-20,Real Valladolid,1915,12,1927,FC Barcelona,2096,-12,2084
2002-10-20,Celta Vigo,2009,-15,1994,Rayo Vallecano,1930,15,1945
2002-10-20,Real Betis,2002,-16,1986,RCD Mallorca,1882,16,1898
2002-10-20,CD Alavés,1915,-2,1913,Real Sociedad,1960,2,1962
2002-10-20,Athletic Bilbao,1862,1,1863,Málaga CF,1998,-1,1997
2002-10-20,CA Osasuna,1852,9,1861,Sevilla FC,1927,-9,1918
2002-10-20,Espanyol Barcelona,1853,8,1861,Recreativo Huelva,1764,-8,1756
2002-10-19,Racing Santander,1859,23,1882,Real Madrid,2153,-23,2130
2002-10-19,Atlético Madrid,1861,4,1865,Valencia CF,2120,-4,2116
2002-10-19,Villarreal CF,1839,20,1859,Deportivo La Coruña,2065,-20,2045
2002-10-08,Real Betis,2000,2,2002,Real Madrid,2155,-2,2153
2002-10-06,Valencia CF,2136,-16,2120,Celta Vigo,1993,16,2009
2002-10-06,Real Madrid,2150,5,2155,CD Alavés,1920,-5,1915
2002-10-06,FC Barcelona,2104,-8,2096,CA Osasuna,1844,8,1852
2002-10-06,Sevilla FC,1928,-1,1927,Real Betis,1999,1,2000
2002-10-06,Deportivo La Coruña,2092,-27,2065,Racing Santander,1832,27,1859
2002-10-06,Real Sociedad,1954,6,1960,Real Valladolid,1921,-6,1915
2002-10-06,Málaga CF,1991,7,1998,Atlético Madrid,1868,-7,1861
2002-10-06,Rayo Vallecano,1935,-5,1930,Villarreal CF,1834,5,1839
2002-10-06,RCD Mallorca,1872,10,1882,Espanyol Barcelona,1863,-10,1853
2002-10-05,Recreativo Huelva,1775,-11,1764,Athletic Bilbao,1851,11,1862
2002-09-29,Valencia CF,2121,6,2127,Rayo Vallecano,1941,-6,1935
2002-09-29,Celta Vigo,2018,-4,2014,Málaga CF,1985,4,1989
2002-09-29,CA Osasuna,1854,-10,1844,Real Sociedad,1944,10,1954
2002-09-29,Espanyol Barcelona,1864,-1,1863,Sevilla FC,1927,1,1928
2002-09-29,Athletic Bilbao,1871,-20,1851,RCD Mallorca,1852,20,1872
2002-09-29,Racing Santander,1835,-3,1832,Villarreal CF,1831,3,1834
2002-09-29,Atlético Madrid,1873,-5,1868,Recreativo Huelva,1770,5,1775
2002-09-28,Real Betis,1979,19,1998,FC Barcelona,2103,-19,2084
2002-09-28,Real Valladolid,1917,4,1921,Real Madrid,2159,-4,2155
2002-09-28,CD Alavés,1924,-9,1915,Deportivo La Coruña,2075,9,2084
2002-09-22,Málaga CF,1984,1,1985,Valencia CF,2106,-1,2105
2002-09-22,Real Sociedad,1946,-2,1944,Real Betis,1977,2,1979
2002-09-22,Sevilla FC,1931,-4,1927,Athletic Bilbao,1867,4,1871
2002-09-22,Recreativo Huelva,1782,-12,1770,Celta Vigo,2006,12,2018
2002-09-22,Rayo Vallecano,1933,8,1941,Racing Santander,1843,-8,1835
2002-09-22,Villarreal CF,1842,-11,1831,CD Alavés,1913,11,1924
2002-09-22,RCD Mallorca,1878,-26,1852,Atlético Madrid,1847,26,1873
2002-09-21,Deportivo La Coruña,2112,5,2117,Real Valladolid,1922,-5,1917
2002-09-21,Real Madrid,2150,3,2153,CA Osasuna,1857,-3,1854
2002-09-21,FC Barcelona,2076,4,2080,Espanyol Barcelona,1868,-4,1864
2002-09-15,Celta Vigo,1996,7,2003,RCD Mallorca,1885,-7,1878
2002-09-15,Espanyol Barcelona,1885,-17,1868,Real Sociedad,1929,17,1946
2002-09-15,Atlético Madrid,1847,0,1847,Sevilla FC,1931,0,1931
2002-09-15,Real Valladolid,1916,6,1922,Villarreal CF,1848,-6,1842
2002-09-15,CD Alavés,1920,-15,1905,Racing Santander,1828,15,1843
2002-09-14,CA Osasuna,1864,-7,1857,Deportivo La Coruña,2083,7,2090
2002-09-14,Athletic Bilbao,1879,-12,1867,FC Barcelona,2057,12,2069
2002-09-14,Málaga CF,1984,6,1990,Rayo Vallecano,1939,-6,1933
2002-09-14,Valencia CF,2083,3,2086,Recreativo Huelva,1785,-3,1782
2002-09-02,Real Madrid,2115,4,2119,Espanyol Barcelona,1903,-4,1899
2002-09-01,Deportivo La Coruña,2108,-25,2083,Real Betis,1945,25,1970
2002-09-01,RCD Mallorca,1896,-11,1885,Valencia CF,2079,11,2090
2002-09-01,Sevilla FC,1935,-12,1923,Celta Vigo,1980,12,1992
2002-09-01,FC Barcelona,2064,-7,2057,Atlético Madrid,1840,7,1847
2002-09-01,Rayo Vallecano,1959,-4,1955,CD Alavés,1907,4,1911
2002-09-01,Real Sociedad,1935,9,1944,Athletic Bilbao,1888,-9,1879
2002-09-01,Recreativo Huelva,1792,-7,1785,Málaga CF,1983,7,1990
2002-09-01,Villarreal CF,1865,-3,1862,CA Osasuna,1861,3,1864
2002-08-31,Racing Santander,1852,-12,1840,Real Valladolid,1895,12,1907
2004-05-23,Real Zaragoza,1922,12,1934,FC Barcelona,2102,-12,2090
2004-05-23,Valencia CF,2154,-18,2136,Albacete,1862,18,1880
2004-05-23,Real Madrid,2060,-28,2032,Real Sociedad,1922,28,1950
2004-05-23,Racing Santander,1854,-7,1847,Deportivo La Coruña,2074,7,2081
2004-05-23,Sevilla FC,2003,5,2008,CA Osasuna,1915,-5,1910
2004-05-23,Málaga CF,1941,-13,1928,Real Betis,1947,13,1960
2004-05-23,Athletic Bilbao,1982,-15,1967,Atlético Madrid,1902,15,1917
2004-05-23,Real Valladolid,1856,19,1875,Villarreal CF,1992,-19,1973
2004-05-23,Celta Vigo,1904,-12,1892,RCD Mallorca,1923,12,1935
2004-05-23,Espanyol Barcelona,1908,7,1915,Real Murcia,1796,-7,1789
2004-05-16,FC Barcelona,2100,2,2102,Racing Santander,1856,-2,1854
2004-05-16,CA Osasuna,1927,-12,1915,Athletic Bilbao,1970,12,1982
2004-05-16,Albacete,1879,-17,1862,Sevilla FC,1986,17,2003
2004-05-16,Real Sociedad,1924,-2,1922,Málaga CF,1939,2,1941
2004-05-16,Real Murcia,1781,15,1796,Real Madrid,2075,-15,2060
2004-05-16,RCD Mallorca,1912,11,1923,Espanyol Barcelona,1919,-11,1908
2004-05-16,Atlético Madrid,1915,-13,1902,Real Zaragoza,1909,13,1922
2004-05-15,Deportivo La Coruña,2067,7,2074,Celta Vigo,1911,-7,1904
2004-05-15,Real Betis,1942,5,1947,Real Valladolid,1861,-5,1856
2004-05-14,Villarreal CF,1980,12,1992,Valencia CF,2158,-12,2146
2004-05-09,Sevilla FC,1999,-13,1986,Valencia CF,2145,13,2158
2004-05-09,Espanyol Barcelona,1900,19,1919,Deportivo La Coruña,2086,-19,2067
2004-05-09,Villarreal CF,1973,7,1980,Real Betis,1949,-7,1942
2004-05-09,Athletic Bilbao,1975,-5,1970,Albacete,1874,5,1879
2004-05-09,Real Zaragoza,1901,8,1909,CA Osasuna,1935,-8,1927
2004-05-09,Real Valladolid,1862,-1,1861,Real Sociedad,1923,1,1924
2004-05-09,Racing Santander,1857,-1,1856,Atlético Madrid,1914,1,1915
2004-05-09,Málaga CF,1935,4,1939,Real Murcia,1785,-4,1781
2004-05-08,Celta Vigo,1898,13,1911,FC Barcelona,2113,-13,2100
2004-05-08,Real Madrid,2092,-17,2075,RCD Mallorca,1895,17,1912
2004-05-02,Valencia CF,2135,5,2140,Real Betis,1954,-5,1949
2004-05-02,FC Barcelona,2108,5,2113,Espanyol Barcelona,1905,-5,1900
2004-05-02,Sevilla FC,1988,11,1999,Athletic Bilbao,1986,-11,1975
2004-05-02,Real Sociedad,1924,-1,1923,Villarreal CF,1977,1,1978
2004-05-02,RCD Mallorca,1886,9,1895,Málaga CF,1944,-9,1935
2004-05-02,CA Osasuna,1950,-15,1935,Racing Santander,1842,15,1857
2004-05-02,Albacete,1861,13,1874,Real Zaragoza,1914,-13,1901
2004-05-02,Real Murcia,1775,10,1785,Real Valladolid,1872,-10,1862
2004-05-01,Deportivo La Coruña,2096,11,2107,Real Madrid,2103,-11,2092
2004-05-01,Atlético Madrid,1907,7,1914,Celta Vigo,1905,-7,1898
2004-04-25,Real Madrid,2116,-13,2103,FC Barcelona,2095,13,2108
2004-04-25,Athletic Bilbao,1985,1,1986,Valencia CF,2136,-1,2135
2004-04-25,Real Zaragoza,1915,-1,1914,Sevilla FC,1987,1,1988
2004-04-25,Real Betis,1947,7,1954,Real Sociedad,1931,-7,1924
2004-04-25,Celta Vigo,1896,9,1905,CA Osasuna,1959,-9,1950
2004-04-25,Real Valladolid,1892,-20,1872,RCD Mallorca,1866,20,1886
2004-04-25,Villarreal CF,1974,3,1977,Real Murcia,1778,-3,1775
2004-04-25,Racing Santander,1862,-20,1842,Albacete,1841,20,1861
2004-04-24,Málaga CF,1942,2,1944,Deportivo La Coruña,2098,-2,2096
2004-04-24,Espanyol Barcelona,1893,12,1905,Atlético Madrid,1919,-12,1907
2004-04-18,Valencia CF,2145,-7,2138,Real Sociedad,1924,7,1931
2004-04-18,FC Barcelona,2088,7,2095,Málaga CF,1949,-7,1942
2004-04-18,CA Osasuna,1982,-23,1959,Espanyol Barcelona,1870,23,1893
2004-04-18,Sevilla FC,1979,8,1987,Racing Santander,1870,-8,1862
2004-04-18,RCD Mallorca,1876,-10,1866,Villarreal CF,1962,10,1972
2004-04-18,Albacete,1860,-19,1841,Celta Vigo,1877,19,1896
2004-04-18,Real Murcia,1787,-9,1778,Real Betis,1938,9,1947
2004-04-17,Atlético Madrid,1927,-8,1919,Real Madrid,2108,8,2116
2004-04-17,Deportivo La Coruña,2101,-7,2094,Real Valladolid,1885,7,1892
2004-04-17,Athletic Bilbao,1974,11,1985,Real Zaragoza,1926,-11,1915
2004-04-14,Real Betis,1936,2,1938,FC Barcelona,2090,-2,2088
2004-04-11,Real Madrid,2137,-29,2108,CA Osasuna,1953,29,1982
2004-04-11,Real Zaragoza,1933,-7,1926,Valencia CF,2135,7,2142
2004-04-11,Villarreal CF,1953,-14,1939,Deportivo La Coruña,2087,14,2101
2004-04-11,Racing Santander,1881,-11,1870,Athletic Bilbao,1963,11,1974
2004-04-11,Real Betis,1959,-23,1936,RCD Mallorca,1853,23,1876
2004-04-11,Espanyol Barcelona,1873,-3,1870,Albacete,1857,3,1860
2004-04-11,Real Sociedad,1918,6,1924,Real Murcia,1793,-6,1787
2004-04-10,Real Valladolid,1897,-12,1885,FC Barcelona,2078,12,2090
2004-04-10,Málaga CF,1938,11,1949,Atlético Madrid,1938,-11,1927
2004-04-10,Celta Vigo,1877,0,1877,Sevilla FC,1979,0,1979
2004-04-04,Deportivo La Coruña,2064,-5,2059,Real Betis,1954,5,1959
2004-04-04,Valencia CF,2124,2,2126,Real Murcia,1795,-2,1793
2004-04-04,CA Osasuna,1956,-3,1953,Málaga CF,1935,3,1938
2004-04-04,Athletic Bilbao,1968,-5,1963,Celta Vigo,1872,5,1877
2004-04-04,Atlético Madrid,1932,6,1938,Real Valladolid,1903,-6,1897
2004-04-04,Real Zaragoza,1937,-4,1933,Racing Santander,1877,4,1881
2004-04-04,RCD Mallorca,1854,-1,1853,Real Sociedad,1917,1,1918
2004-04-03,FC Barcelona,2084,-6,2078,Villarreal CF,1939,6,1945
2004-04-03,Albacete,1862,-5,1857,Real Madrid,2158,5,2163
2004-04-03,Sevilla FC,1974,5,1979,Espanyol Barcelona,1878,-5,1873
2004-03-28,Real Madrid,2152,6,2158,Sevilla FC,1980,-6,1974
2004-03-28,Racing Santander,1888,-11,1877,Valencia CF,2113,11,2124
2004-03-28,Villarreal CF,1942,-3,1939,Atlético Madrid,1929,3,1932
2004-03-28,Real Valladolid,1904,-1,1903,CA Osasuna,1955,1,1956
2004-03-28,Celta Vigo,1890,-18,1872,Real Zaragoza,1919,18,1937
2004-03-28,Málaga CF,1940,-5,1935,Albacete,1857,5,1862
2004-03-28,Real Murcia,1780,15,1795,RCD Mallorca,1869,-15,1854
2004-03-27,Real Sociedad,1926,-9,1917,Deportivo La Coruña,2055,9,2064
2004-03-27,Espanyol Barcelona,1868,10,1878,Athletic Bilbao,1978,-10,1968
2004-03-21,FC Barcelona,2082,4,2086,Real Sociedad,1930,-4,1926
2004-03-21,Valencia CF,2105,5,2110,RCD Mallorca,1892,-5,1887
2004-03-21,Sevilla FC,1995,-15,1980,Málaga CF,1925,15,1940
2004-03-21,CA Osasuna,1948,7,1955,Villarreal CF,1955,-7,1948
2004-03-21,Real Zaragoza,1923,-4,1919,Espanyol Barcelona,1864,4,1868
2004-03-21,Racing Santander,1891,-3,1888,Celta Vigo,1887,3,1890
2004-03-21,Albacete,1843,14,1857,Real Valladolid,1918,-14,1904
2004-03-20,Athletic Bilbao,1959,19,1978,Real Madrid,2162,-19,2143
2004-03-20,Atlético Madrid,1921,8,1929,Real Betis,1962,-8,1954
2004-03-20,Deportivo La Coruña,2066,2,2068,Real Murcia,1782,-2,1780
2004-03-14,Celta Vigo,1898,-11,1887,Valencia CF,2094,11,2105
2004-03-14,RCD Mallorca,1872,20,1892,Deportivo La Coruña,2086,-20,2066
2004-03-14,Real Valladolid,1903,15,1918,Sevilla FC,2010,-15,1995
2004-03-14,Real Betis,1965,-3,1962,CA Osasuna,1945,3,1948
2004-03-14,Málaga CF,1916,9,1925,Athletic Bilbao,1968,-9,1959
2004-03-14,Real Murcia,1790,-8,1782,FC Barcelona,2074,8,2082
2004-03-14,Villarreal CF,1950,5,1955,Albacete,1848,-5,1843
2004-03-14,Espanyol Barcelona,1877,-13,1864,Racing Santander,1878,13,1891
2004-03-13,Real Madrid,2187,-8,2179,Real Zaragoza,1898,8,1906
2004-03-13,Real Sociedad,1923,7,1930,Atlético Madrid,1928,-7,1921
2004-03-07,FC Barcelona,2079,3,2082,RCD Mallorca,1883,-3,1880
2004-03-07,Sevilla FC,2002,8,2010,Villarreal CF,1937,-8,1929
2004-03-07,Athletic Bilbao,1995,-27,1968,Real Valladolid,1876,27,1903
2004-03-07,Real Zaragoza,1890,8,1898,Málaga CF,1924,-8,1916
2004-03-07,Albacete,1837,11,1848,Real Betis,1976,-11,1965
2004-03-07,Atlético Madrid,1934,-6,1928,Real Murcia,1784,6,1790
2004-03-06,Valencia CF,2103,11,2114,Deportivo La Coruña,2076,-11,2065
2004-03-06,Racing Santander,1873,5,1878,Real Madrid,2183,-5,2178
2004-03-06,CA Osasuna,1948,-3,1945,Real Sociedad,1927,3,1930
2004-03-06,Celta Vigo,1930,-28,1902,Espanyol Barcelona,1849,28,1877
2004-02-29,Deportivo La Coruña,2090,-14,2076,FC Barcelona,2062,14,2076
2004-02-29,Real Madrid,2179,4,2183,Celta Vigo,1934,-4,1930
2004-02-29,Espanyol Barcelona,1835,14,1849,Valencia CF,2102,-14,2088
2004-02-29,Villarreal CF,1936,-11,1925,Athletic Bilbao,1984,11,1995
2004-02-29,RCD Mallorca,1917,-13,1904,Atlético Madrid,1921,13,1934
2004-02-29,Málaga CF,1918,6,1924,Racing Santander,1879,-6,1873
2004-02-29,Real Sociedad,1943,-16,1927,Albacete,1821,16,1837
2004-02-29,Real Murcia,1793,-9,1784,CA Osasuna,1939,9,1948
2004-02-28,Real Betis,1978,-2,1976,Sevilla FC,2000,2,2002
2004-02-28,Real Valladolid,1889,-13,1876,Real Zaragoza,1877,13,1890
2004-02-22,Athletic Bilbao,1987,-3,1984,Real Betis,1975,3,1978
2004-02-22,CA Osasuna,1943,-4,1939,RCD Mallorca,1895,4,1899
2004-02-22,Real Zaragoza,1860,17,1877,Villarreal CF,1951,-17,1934
2004-02-22,Racing Santander,1871,8,1879,Real Valladolid,1897,-8,1889
2004-02-22,Albacete,1814,7,1821,Real Murcia,1800,-7,1793
2004-02-21,Valencia CF,2112,-15,2097,FC Barcelona,2038,15,2053
2004-02-21,Espanyol Barcelona,1841,-6,1835,Real Madrid,2172,6,2178
2004-02-21,Atlético Madrid,1919,2,1921,Deportivo La Coruña,2080,-2,2078
2004-02-21,Sevilla FC,1993,7,2000,Real Sociedad,1967,-7,1960
2004-02-21,Celta Vigo,1964,-22,1942,Málaga CF,1896,22,1918
2004-02-15,Real Madrid,2177,-5,2172,Valencia CF,2107,5,2112
2004-02-15,Deportivo La Coruña,2074,6,2080,CA Osasuna,1949,-6,1943
2004-02-15,FC Barcelona,2031,7,2038,Atlético Madrid,1926,-7,1919
2004-02-15,Real Valladolid,1915,-18,1897,Celta Vigo,1946,18,1964
2004-02-15,Real Betis,1970,5,1975,Real Zaragoza,1865,-5,1860
2004-02-15,Villarreal CF,1941,10,1951,Racing Santander,1881,-10,1871
2004-02-15,Málaga CF,1885,11,1896,Espanyol Barcelona,1852,-11,1841
2004-02-15,RCD Mallorca,1900,-5,1895,Albacete,1809,5,1814
2004-02-14,Real Sociedad,1969,-2,1967,Athletic Bilbao,1985,2,1987
2004-02-14,Real Murcia,1812,-12,1800,Sevilla FC,1981,12,1993
2004-02-08,CA Osasuna,1960,-11,1949,FC Barcelona,2020,11,2031
2004-02-08,Celta Vigo,1939,7,1946,Villarreal CF,1948,-7,1941
2004-02-08,Albacete,1818,-9,1809,Deportivo La Coruña,2065,9,2074
2004-02-08,Sevilla FC,1957,11,1968,RCD Mallorca,1911,-11,1900
2004-02-08,Racing Santander,1892,-11,1881,Real Betis,1959,11,1970
2004-02-08,Real Zaragoza,1858,11,1869,Real Sociedad,1980,-11,1969
2004-02-08,Athletic Bilbao,1981,4,1985,Real Murcia,1816,-4,1812
2004-02-08,Espanyol Barcelona,1837,15,1852,Real Valladolid,1930,-15,1915
2004-02-07,Real Madrid,2188,2,2190,Málaga CF,1887,-2,1885
2004-02-07,Valencia CF,2101,6,2107,Atlético Madrid,1932,-6,1926
2004-02-01,Real Valladolid,1936,-6,1930,Real Madrid,2178,6,2184
2004-02-01,Deportivo La Coruña,2060,5,2065,Sevilla FC,1966,-5,1961
2004-02-01,RCD Mallorca,1929,-18,1911,Athletic Bilbao,1963,18,1981
2004-02-01,Real Sociedad,1975,5,1980,Racing Santander,1897,-5,1892
2004-02-01,FC Barcelona,2014,6,2020,Albacete,1824,-6,1818
2004-02-01,Villarreal CF,1964,-16,1948,Espanyol Barcelona,1821,16,1837
2004-02-01,Real Murcia,1807,9,1816,Real Zaragoza,1865,-9,1856
2004-01-31,Málaga CF,1902,-15,1887,Valencia CF,2086,15,2101
2004-01-31,Real Betis,1952,7,1959,Celta Vigo,1946,-7,1939
2004-01-31,Atlético Madrid,1934,-2,1932,CA Osasuna,1958,2,1960
2004-01-25,Valencia CF,2114,-17,2097,CA Osasuna,1941,17,1958
2004-01-25,Athletic Bilbao,1952,11,1963,Deportivo La Coruña,2071,-11,2060
2004-01-25,Sevilla FC,1965,-12,1953,FC Barcelona,2004,12,2016
2004-01-25,Celta Vigo,1965,-23,1942,Real Sociedad,1952,23,1975
2004-01-25,Málaga CF,1915,-13,1902,Real Valladolid,1923,13,1936
2004-01-25,Real Zaragoza,1881,-18,1863,RCD Mallorca,1911,18,1929
2004-01-25,Espanyol Barcelona,1831,-10,1821,Real Betis,1942,10,1952
2004-01-25,Racing Santander,1892,5,1897,Real Murcia,1812,-5,1807
2004-01-24,Real Madrid,2164,3,2167,Villarreal CF,1967,-3,1964
2004-01-24,Albacete,1823,1,1824,Atlético Madrid,1948,-1,1947
2004-01-18,Real Betis,1939,3,1942,Real Madrid,2156,-3,2153
2004-01-18,Deportivo La Coruña,2066,5,2071,Real Zaragoza,1870,-5,1865
2004-01-18,Atlético Madrid,1955,7,1962,Sevilla FC,1958,-7,1951
2004-01-18,Villarreal CF,1957,10,1967,Málaga CF,1925,-10,1915
2004-01-18,RCD Mallorca,1914,-3,1911,Racing Santander,1889,3,1892
2004-01-18,Real Sociedad,1945,7,1952,Espanyol Barcelona,1838,-7,1831
2004-01-18,CA Osasuna,1947,-6,1941,Albacete,1817,6,1823
2004-01-17,Real Valladolid,1920,3,1923,Valencia CF,2128,-3,2125
2004-01-17,FC Barcelona,2025,-5,2020,Athletic Bilbao,1947,5,1952
2004-01-17,Real Murcia,1810,2,1812,Celta Vigo,1984,-2,1982
2004-01-11,Deportivo La Coruña,2079,-7,2072,Racing Santander,1882,7,1889
2004-01-11,CA Osasuna,1962,-2,1960,Sevilla FC,1977,2,1979
2004-01-11,Atlético Madrid,1935,14,1949,Athletic Bilbao,1961,-14,1947
2004-01-11,FC Barcelona,2013,7,2020,Real Zaragoza,1872,-7,1865
2004-01-11,Real Betis,1931,13,1944,Málaga CF,1934,-13,1921
2004-01-11,Villarreal CF,1925,11,1936,Real Valladolid,1936,-11,1925
2004-01-11,Real Murcia,1823,-13,1810,Espanyol Barcelona,1825,13,1838
2004-01-10,Real Sociedad,1931,14,1945,Real Madrid,2168,-14,2154
2004-01-10,Albacete,1822,-5,1817,Valencia CF,2110,5,2115
2004-01-10,RCD Mallorca,1932,-18,1914,Celta Vigo,1970,18,1988
2004-01-04,Valencia CF,2111,5,2116,Villarreal CF,1949,-5,1944
2004-01-04,Athletic Bilbao,1964,-3,1961,CA Osasuna,1953,3,1956
2004-01-04,Racing Santander,1860,22,1882,FC Barcelona,2048,-22,2026
2004-01-04,Real Valladolid,1939,-3,1936,Real Betis,1943,3,1946
2004-01-04,Málaga CF,1961,-14,1947,Real Sociedad,1917,14,1931
2004-01-04,Sevilla FC,1952,6,1958,Albacete,1828,-6,1822
2004-01-04,Espanyol Barcelona,1808,17,1825,RCD Mallorca,1949,-17,1932
2004-01-03,Celta Vigo,1978,-21,1957,Deportivo La Coruña,2059,21,2080
2004-01-03,Real Madrid,2174,1,2175,Real Murcia,1824,-1,1823
2004-01-03,Real Zaragoza,1858,-1,1857,Atlético Madrid,1933,1,1934
2003-12-21,RCD Mallorca,1960,-11,1949,Real Madrid,2163,11,2174
2003-12-21,FC Barcelona,2053,-5,2048,Celta Vigo,1973,5,1978
2003-12-21,Real Betis,1964,-21,1943,Villarreal CF,1928,21,1949
2003-12-21,Deportivo La Coruña,2057,2,2059,Espanyol Barcelona,1810,-2,1808
2003-12-21,CA Osasuna,1969,-16,1953,Real Zaragoza,1842,16,1858
2003-12-21,Albacete,1827,1,1828,Athletic Bilbao,1965,-1,1964
2003-12-21,Real Murcia,1833,-9,1824,Málaga CF,1952,9,1961
2003-12-20,Valencia CF,2107,4,2111,Sevilla FC,1956,-4,1952
2003-12-20,Real Sociedad,1937,-20,1917,Real Valladolid,1919,20,1939
2003-12-20,Atlético Madrid,1938,-5,1933,Racing Santander,1855,5,1860
2003-12-14,Real Madrid,2156,5,2161,Deportivo La Coruña,2059,-5,2054
2003-12-14,Real Betis,1963,-9,1954,Valencia CF,2095,9,2104
2003-12-14,Málaga CF,1933,13,1946,RCD Mallorca,1991,-13,1978
2003-12-14,Athletic Bilbao,1958,7,1965,Sevilla FC,1963,-7,1956
2003-12-14,Racing Santander,1855,0,1855,CA Osasuna,1964,0,1964
2003-12-14,Real Valladolid,1913,-5,1908,Real Murcia,1831,5,1836
2003-12-14,Real Zaragoza,1845,-14,1831,Albacete,1813,14,1827
2003-12-13,Celta Vigo,1971,-4,1967,Atlético Madrid,1929,4,1933
2003-12-13,Villarreal CF,1910,13,1923,Real Sociedad,1961,-13,1948
2003-12-13,Espanyol Barcelona,1826,-10,1816,FC Barcelona,2037,10,2047
2003-12-07,Valencia CF,2079,4,2083,Athletic Bilbao,1962,-4,1958
2003-12-07,RCD Mallorca,1985,6,1991,Real Valladolid,1919,-6,1913
2003-12-07,Sevilla FC,1958,5,1963,Real Zaragoza,1850,-5,1845
2003-12-07,Atlético Madrid,1921,8,1929,Espanyol Barcelona,1834,-8,1826
2003-12-07,Real Murcia,1832,-1,1831,Villarreal CF,1909,1,1910
2003-12-07,Albacete,1795,18,1813,Racing Santander,1873,-18,1855
2003-12-06,FC Barcelona,2047,-10,2037,Real Madrid,2154,10,2164
2003-12-06,Deportivo La Coruña,2066,4,2070,Málaga CF,1937,-4,1933
2003-12-06,Real Sociedad,1995,-27,1968,Real Betis,1936,27,1963
2003-12-06,CA Osasuna,1957,7,1964,Celta Vigo,1952,-7,1945
2003-12-04,Racing Santander,1895,-22,1873,Sevilla FC,1936,22,1958
2003-12-04,Real Zaragoza,1850,0,1850,Athletic Bilbao,1962,0,1962
2003-12-03,Real Madrid,2150,4,2154,Atlético Madrid,1925,-4,1921
2003-12-03,Real Valladolid,1918,1,1919,Deportivo La Coruña,2067,-1,2066
2003-12-03,Málaga CF,1915,22,1937,FC Barcelona,2069,-22,2047
2003-12-03,Villarreal CF,1927,-18,1909,RCD Mallorca,1967,18,1985
2003-12-03,Espanyol Barcelona,1844,-10,1834,CA Osasuna,1947,10,1957
2003-12-03,Real Betis,1941,-5,1936,Real Murcia,1827,5,1832
2003-12-03,Celta Vigo,1959,-7,1952,Albacete,1788,7,1795
2003-12-02,Real Sociedad,1995,0,1995,Valencia CF,2079,0,2079
2003-11-30,Deportivo La Coruña,2084,-17,2067,Villarreal CF,1910,17,1927
2003-11-30,FC Barcelona,2075,-6,2069,Real Valladolid,1912,6,1918
2003-11-30,RCD Mallorca,1960,7,1967,Real Betis,1948,-7,1941
2003-11-30,Sevilla FC,1949,-13,1936,Celta Vigo,1946,13,1959
2003-11-30,Athletic Bilbao,1977,-15,1962,Racing Santander,1880,15,1895
2003-11-30,Albacete,1779,9,1788,Espanyol Barcelona,1853,-9,1844
2003-11-29,CA Osasuna,1944,3,1947,Real Madrid,2153,-3,2150
2003-11-29,Valencia CF,2076,3,2079,Real Zaragoza,1853,-3,1850
2003-11-29,Atlético Madrid,1914,11,1925,Málaga CF,1926,-11,1915
2003-11-29,Real Murcia,1825,2,1827,Real Sociedad,1997,-2,1995
2003-11-23,Celta Vigo,1973,-20,1953,Athletic Bilbao,1957,20,1977
2003-11-23,Real Madrid,2143,1,2144,Albacete,1780,-1,1779
2003-11-23,Real Murcia,1821,4,1825,Valencia CF,2080,-4,2076
2003-11-23,Málaga CF,1928,-2,1926,CA Osasuna,1942,2,1944
2003-11-23,Real Valladolid,1900,12,1912,Atlético Madrid,1926,-12,1914
2003-11-23,Espanyol Barcelona,1842,11,1853,Sevilla FC,1960,-11,1949
2003-11-23,Racing Santander,1894,-14,1880,Real Zaragoza,1839,14,1853
2003-11-22,Real Betis,1947,1,1948,Deportivo La Coruña,2075,-1,2074
2003-11-22,Villarreal CF,1912,12,1924,FC Barcelona,2084,-12,2072
2003-11-22,Real Sociedad,2008,-14,1994,RCD Mallorca,1954,14,1968
2003-11-09,Sevilla FC,1936,24,1960,Real Madrid,2167,-24,2143
2003-11-09,FC Barcelona,2080,4,2084,Real Betis,1951,-4,1947
2003-11-09,Valencia CF,2097,-17,2080,Racing Santander,1877,17,1894
2003-11-09,CA Osasuna,1946,-4,1942,Real Valladolid,1896,4,1900
2003-11-09,Atlético Madrid,1919,7,1926,Villarreal CF,1919,-7,1912
2003-11-09,RCD Mallorca,1946,8,1954,Real Murcia,1829,-8,1821
2003-11-09,Albacete,1789,-9,1780,Málaga CF,1919,9,1928
2003-11-08,Deportivo La Coruña,2069,6,2075,Real Sociedad,2014,-6,2008
2003-11-08,Real Zaragoza,1838,1,1839,Celta Vigo,1974,-1,1973
2003-11-08,Athletic Bilbao,1952,5,1957,Espanyol Barcelona,1847,-5,1842
2003-11-02,Real Sociedad,2014,-1,2013,FC Barcelona,2069,1,2070
2003-11-02,RCD Mallorca,1953,-18,1935,Valencia CF,2089,18,2107
2003-11-02,Real Betis,1965,-14,1951,Atlético Madrid,1905,14,1919
2003-11-02,Villarreal CF,1902,9,1911,CA Osasuna,1955,-9,1946
2003-11-02,Málaga CF,1906,13,1919,Sevilla FC,1949,-13,1936
2003-11-02,Real Valladolid,1889,7,1896,Albacete,1796,-7,1789
2003-11-02,Espanyol Barcelona,1868,-21,1847,Real Zaragoza,1817,21,1838
2003-11-01,Real Madrid,2171,5,2176,Athletic Bilbao,1957,-5,1952
2003-11-01,Real Murcia,1824,5,1829,Deportivo La Coruña,2104,-5,2099
2003-11-01,Celta Vigo,1974,-15,1959,Racing Santander,1862,15,1877
2003-10-30,Atlético Madrid,1884,21,1905,Real Sociedad,2035,-21,2014
2003-10-29,Valencia CF,2095,-6,2089,Celta Vigo,1968,6,1974
2003-10-29,Deportivo La Coruña,2130,-26,2104,RCD Mallorca,1927,26,1953
2003-10-29,CA Osasuna,1943,12,1955,Real Betis,1977,-12,1965
2003-10-29,FC Barcelona,2065,4,2069,Real Murcia,1828,-4,1824
2003-10-29,Athletic Bilbao,1951,6,1957,Málaga CF,1912,-6,1906
2003-10-29,Sevilla FC,1953,-4,1949,Real Valladolid,1885,4,1889
2003-10-29,Racing Santander,1875,-13,1862,Espanyol Barcelona,1855,13,1868
2003-10-29,Albacete,1779,17,1796,Villarreal CF,1919,-17,1902
2003-10-28,Real Zaragoza,1811,6,1817,Real Madrid,2177,-6,2171
2003-10-26,RCD Mallorca,1942,-15,1927,FC Barcelona,2050,15,2065
2003-10-26,Real Sociedad,2030,5,2035,CA Osasuna,1948,-5,1943
2003-10-26,Villarreal CF,1921,-2,1919,Sevilla FC,1951,2,1953
2003-10-26,Real Valladolid,1870,15,1885,Athletic Bilbao,1966,-15,1951
2003-10-26,Espanyol Barcelona,1875,-20,1855,Celta Vigo,1948,20,1968
2003-10-26,Real Betis,1974,3,1977,Albacete,1782,-3,1779
2003-10-26,Real Murcia,1846,-18,1828,Atlético Madrid,1866,18,1884
2003-10-25,Deportivo La Coruña,2123,7,2130,Valencia CF,2102,-7,2095
2003-10-25,Real Madrid,2174,3,2177,Racing Santander,1878,-3,1875
2003-10-25,Málaga CF,1907,5,1912,Real Zaragoza,1816,-5,1811
2003-10-19,Valencia CF,2093,5,2098,Espanyol Barcelona,1880,-5,1875
2003-10-19,Sevilla FC,1953,-2,1951,Real Betis,1972,2,1974
2003-10-19,Athletic Bilbao,1956,10,1966,Villarreal CF,1931,-10,1921
2003-10-19,Atlético Madrid,1856,10,1866,RCD Mallorca,1952,-10,1942
2003-10-19,CA Osasuna,1943,5,1948,Real Murcia,1851,-5,1846
2003-10-19,Racing Santander,1865,13,1878,Málaga CF,1920,-13,1907
2003-10-19,Real Zaragoza,1807,9,1816,Real Valladolid,1879,-9,1870
2003-10-18,FC Barcelona,2068,-18,2050,Deportivo La Coruña,2098,18,2116
2003-10-18,Celta Vigo,1967,-11,1956,Real Madrid,2161,11,2172
2003-10-18,Albacete,1759,23,1782,Real Sociedad,2064,-23,2041
2003-10-05,FC Barcelona,2079,-13,2066,Valencia CF,2079,13,2092
2003-10-05,Real Madrid,2159,2,2161,Espanyol Barcelona,1874,-2,1872
2003-10-05,Real Sociedad,2067,-6,2061,Sevilla FC,1947,6,1953
2003-10-05,Málaga CF,1911,9,1920,Celta Vigo,1980,-9,1971
2003-10-05,RCD Mallorca,1944,-3,1941,CA Osasuna,1931,3,1934
2003-10-05,Real Valladolid,1906,-27,1879,Racing Santander,1831,27,1858
2003-10-05,Real Murcia,1838,6,1844,Albacete,1776,-6,1770
2003-10-04,Deportivo La Coruña,2090,5,2095,Atlético Madrid,1861,-5,1856
2003-10-04,Real Betis,1970,-3,1967,Athletic Bilbao,1969,3,1972
2003-10-04,Villarreal CF,1925,-6,1919,Real Zaragoza,1801,6,1807
2003-09-28,Atlético Madrid,1858,3,1861,FC Barcelona,2082,-3,2079
2003-09-28,Espanyol Barcelona,1887,-13,1874,Málaga CF,1898,13,1911
2003-09-28,Sevilla FC,1942,5,1947,Real Murcia,1843,-5,1838
2003-09-28,Real Zaragoza,1809,-8,1801,Real Betis,1962,8,1970
2003-09-28,Racing Santander,1848,-17,1831,Villarreal CF,1908,17,1925
2003-09-28,Albacete,1757,19,1776,RCD Mallorca,1963,-19,1944
2003-09-27,Valencia CF,2065,14,2079,Real Madrid,2151,-14,2137
2003-09-27,Athletic Bilbao,1959,10,1969,Real Sociedad,2063,-10,2053
2003-09-27,CA Osasuna,1919,12,1931,Deportivo La Coruña,2089,-12,2077
2003-09-27,Celta Vigo,1974,6,1980,Real Valladolid,1912,-6,1906
2003-09-21,Málaga CF,1908,-10,1898,Real Madrid,2141,10,2151
2003-09-21,RCD Mallorca,1958,-3,1955,Sevilla FC,1939,3,1942
2003-09-21,Villarreal CF,1919,-1,1918,Celta Vigo,1973,1,1974
2003-09-21,Real Sociedad,2059,4,2063,Real Zaragoza,1813,-4,1809
2003-09-21,Deportivo La Coruña,2086,3,2089,Albacete,1760,-3,1757
2003-09-21,Real Betis,1968,-6,1962,Racing Santander,1842,6,1848
2003-09-21,Real Murcia,1842,1,1843,Athletic Bilbao,1960,-1,1959
2003-09-21,Real Valladolid,1901,11,1912,Espanyol Barcelona,1898,-11,1887
2003-09-20,FC Barcelona,2099,-7,2092,CA Osasuna,1912,7,1919
2003-09-20,Atlético Madrid,1872,-14,1858,Valencia CF,2047,14,2061
2003-09-14,Valencia CF,2043,4,2047,Málaga CF,1912,-4,1908
2003-09-14,Athletic Bilbao,1945,15,1960,RCD Mallorca,1973,-15,1958
2003-09-14,Albacete,1764,-4,1760,FC Barcelona,2095,4,2099
2003-09-14,Espanyol Barcelona,1911,-13,1898,Villarreal CF,1906,13,1919
2003-09-14,CA Osasuna,1906,6,1912,Atlético Madrid,1878,-6,1872
2003-09-14,Real Zaragoza,1797,16,1813,Real Murcia,1858,-16,1842
2003-09-13,Real Madrid,2130,5,2135,Real Valladolid,1906,-5,1901
2003-09-13,Sevilla FC,1948,-9,1939,Deportivo La Coruña,2077,9,2086
2003-09-13,Celta Vigo,1990,-21,1969,Real Betis,1947,21,1968
2003-09-13,Racing Santander,1849,-7,1842,Real Sociedad,2044,7,2051
2003-09-03,FC Barcelona,2101,-6,2095,Sevilla FC,1942,6,1948
2003-09-03,Deportivo La Coruña,2070,7,2077,Athletic Bilbao,1952,-7,1945
2003-09-03,Real Betis,1951,-4,1947,Espanyol Barcelona,1907,4,1911
2003-09-03,Real Valladolid,1898,8,1906,Málaga CF,1920,-8,1912
2003-09-03,RCD Mallorca,1968,5,1973,Real Zaragoza,1802,-5,1797
2003-09-03,Real Murcia,1861,-3,1858,Racing Santander,1846,3,1849
2003-09-03,Atlético Madrid,1873,5,1878,Albacete,1769,-5,1764
2003-09-02,Villarreal CF,1902,4,1906,Real Madrid,2134,-4,2130
2003-09-02,Real Sociedad,2048,-4,2044,Celta Vigo,1986,4,1990
2003-09-02,CA Osasuna,1916,-10,1906,Valencia CF,2033,10,2043
2003-08-31,Real Zaragoza,1808,-6,1802,Deportivo La Coruña,2064,6,2070
2003-08-31,Celta Vigo,1992,-6,1986,Real Murcia,1855,6,1861
2003-08-31,Sevilla FC,1936,6,1942,Atlético Madrid,1879,-6,1873
2003-08-31,Racing Santander,1835,11,1846,RCD Mallorca,1979,-11,1968
2003-08-30,Real Madrid,2131,3,2134,Real Betis,1954,-3,1951
2003-08-30,Athletic Bilbao,1961,-9,1952,FC Barcelona,2092,9,2101
2003-08-30,Espanyol Barcelona,1906,1,1907,Real Sociedad,2049,-1,2048
2003-08-30,Valencia CF,2039,-6,2033,Real Valladolid,1892,6,1898
2003-08-30,Málaga CF,1923,-3,1920,Villarreal CF,1899,3,1902
2003-08-30,Albacete,1783,-14,1769,CA Osasuna,1902,14,1916
2005-05-29,Espanyol Barcelona,1966,11,1977,Athletic Bilbao,1963,-11,1952
2005-05-29,RCD Mallorca,1894,1,1895,Real Betis,2023,-1,2022
2005-05-29,Sevilla FC,2000,-22,1978,Málaga CF,1915,22,1937
2005-05-29,Valencia CF,1998,5,2003,CA Osasuna,1904,-5,1899
2005-05-29,Villarreal CF,2074,4,2078,Levante UD,1826,-4,1822
2005-05-29,Atlético Madrid,1935,-4,1931,Getafe CF,1891,4,1895
2005-05-29,CD Numancia,1793,1,1794,Deportivo La Coruña,1927,-1,1926
2005-05-29,Racing Santander,1856,6,1862,Albacete,1807,-6,1801
2005-05-28,Real Zaragoza,1952,-12,1940,Real Madrid,2117,12,2129
2005-05-28,Real Sociedad,1907,4,1911,FC Barcelona,2148,-4,2144
2005-05-22,FC Barcelona,2153,-5,2148,Villarreal CF,2069,5,2074
2005-05-22,Getafe CF,1891,0,1891,Sevilla FC,2000,0,2000
2005-05-22,CA Osasuna,1905,-1,1904,Espanyol Barcelona,1965,1,1966
2005-05-22,Levante UD,1824,2,1826,Valencia CF,2000,-2,1998
2005-05-22,Deportivo La Coruña,1953,-26,1927,RCD Mallorca,1868,26,1894
2005-05-22,Málaga CF,1906,9,1915,Racing Santander,1865,-9,1856
2005-05-22,Athletic Bilbao,1989,-26,1963,CD Numancia,1767,26,1793
2005-05-22,Albacete,1807,0,1807,Real Sociedad,1907,0,1907
2005-05-21,Real Madrid,2124,-7,2117,Atlético Madrid,1928,7,1935
2005-05-21,Real Betis,2017,6,2023,Real Zaragoza,1958,-6,1952
2005-05-15,Espanyol Barcelona,1967,-2,1965,Valencia CF,1998,2,2000
2005-05-15,Atlético Madrid,1939,-11,1928,Real Betis,2006,11,2017
2005-05-15,Real Zaragoza,1961,-3,1958,Deportivo La Coruña,1950,3,1953
2005-05-15,Villarreal CF,2067,2,2069,Albacete,1809,-2,1807
2005-05-15,RCD Mallorca,1857,11,1868,Athletic Bilbao,2000,-11,1989
2005-05-15,Real Sociedad,1928,-21,1907,Málaga CF,1885,21,1906
2005-05-15,Racing Santander,1857,8,1865,Getafe CF,1899,-8,1891
2005-05-15,CD Numancia,1766,1,1767,CA Osasuna,1906,-1,1905
2005-05-14,Sevilla FC,1999,1,2000,Real Madrid,2125,-1,2124
2005-05-14,Levante UD,1818,6,1824,FC Barcelona,2159,-6,2153
2005-05-08,Valencia CF,2012,-14,1998,FC Barcelona,2145,14,2159
2005-05-08,Málaga CF,1898,-13,1885,Villarreal CF,2054,13,2067
2005-05-08,Deportivo La Coruña,1939,11,1950,Atlético Madrid,1954,-11,1943
2005-05-08,Getafe CF,1886,13,1899,Real Sociedad,1941,-13,1928
2005-05-08,Espanyol Barcelona,1961,6,1967,CD Numancia,1772,-6,1766
2005-05-08,Albacete,1797,12,1809,Levante UD,1830,-12,1818
2005-05-07,Real Betis,1995,8,2003,Sevilla FC,2007,-8,1999
2005-05-07,Real Madrid,2121,4,2125,Racing Santander,1861,-4,1857
2005-05-07,Athletic Bilbao,1993,10,2003,Real Zaragoza,1971,-10,1961
2005-05-07,CA Osasuna,1906,-4,1902,RCD Mallorca,1853,4,1857
2005-05-01,Sevilla FC,1998,9,2007,Deportivo La Coruña,1948,-9,1939
2005-05-01,FC Barcelona,2143,2,2145,Albacete,1799,-2,1797
2005-05-01,Villarreal CF,2047,7,2054,Getafe CF,1893,-7,1886
2005-05-01,Real Zaragoza,1960,11,1971,CA Osasuna,1917,-11,1906
2005-05-01,Racing Santander,1860,1,1861,Real Betis,1996,-1,1995
2005-05-01,RCD Mallorca,1842,11,1853,Espanyol Barcelona,1972,-11,1961
2005-05-01,Levante UD,1842,-12,1830,Málaga CF,1886,12,1898
2005-04-30,Real Sociedad,1954,-13,1941,Real Madrid,2108,13,2121
2005-04-30,Atlético Madrid,1956,-2,1954,Athletic Bilbao,1991,2,1993
2005-04-30,CD Numancia,1768,4,1772,Valencia CF,2016,-4,2012
2005-04-28,CA Osasuna,1906,11,1917,Villarreal CF,2058,-11,2047
2005-04-24,Málaga CF,1898,-12,1886,FC Barcelona,2131,12,2143
2005-04-24,Athletic Bilbao,2011,-20,1991,Sevilla FC,1978,20,1998
2005-04-24,Real Betis,2011,-15,1996,Real Sociedad,1939,15,1954
2005-04-24,Espanyol Barcelona,1961,11,1972,Real Zaragoza,1971,-11,1960
2005-04-24,Valencia CF,2012,4,2016,Albacete,1803,-4,1799
2005-04-24,Deportivo La Coruña,1976,-28,1948,Racing Santander,1832,28,1860
2005-04-24,Getafe CF,1887,6,1893,Levante UD,1848,-6,1842
2005-04-24,CD Numancia,1779,-11,1768,RCD Mallorca,1831,11,1842
2005-04-23,Real Madrid,2102,6,2108,Villarreal CF,2064,-6,2058
2005-04-23,CA Osasuna,1897,9,1906,Atlético Madrid,1965,-9,1956
2005-04-17,Villarreal CF,2068,-4,2064,Real Betis,2010,4,2014
2005-04-17,FC Barcelona,2127,4,2131,Getafe CF,1891,-4,1887
2005-04-17,Levante UD,1857,-9,1848,Real Madrid,2093,9,2102
2005-04-17,RCD Mallorca,1829,2,1831,Valencia CF,2014,-2,2012
2005-04-17,Racing Santander,1845,-13,1832,Athletic Bilbao,1995,13,2008
2005-04-17,Real Zaragoza,1965,6,1971,CD Numancia,1785,-6,1779
2005-04-17,Albacete,1814,-11,1803,Málaga CF,1887,11,1898
2005-04-16,Atlético Madrid,1978,-3,1975,Espanyol Barcelona,1958,3,1961
2005-04-16,Real Sociedad,1930,9,1939,Deportivo La Coruña,1985,-9,1976
2005-04-16,Sevilla FC,1994,-16,1978,CA Osasuna,1871,16,1887
2005-04-10,Real Madrid,2080,13,2093,FC Barcelona,2140,-13,2127
2005-04-10,Deportivo La Coruña,1986,-1,1985,Villarreal CF,2066,1,2067
2005-04-10,Espanyol Barcelona,1977,-19,1958,Sevilla FC,1975,19,1994
2005-04-10,Valencia CF,2020,-6,2014,Málaga CF,1881,6,1887
2005-04-10,Real Betis,2016,-6,2010,Levante UD,1851,6,1857
2005-04-10,RCD Mallorca,1844,-15,1829,Real Zaragoza,1950,15,1965
2005-04-10,CA Osasuna,1864,7,1871,Racing Santander,1852,-7,1845
2005-04-10,Getafe CF,1885,6,1891,Albacete,1820,-6,1814
2005-04-09,Athletic Bilbao,1984,11,1995,Real Sociedad,1941,-11,1930
2005-04-09,CD Numancia,1772,13,1785,Atlético Madrid,1991,-13,1978
2005-04-03,FC Barcelona,2146,-6,2140,Real Betis,2010,6,2016
2005-04-03,Albacete,1826,-6,1820,Real Madrid,2074,6,2080
2005-04-03,Levante UD,1861,-10,1851,Deportivo La Coruña,1976,10,1986
2005-04-03,Atlético Madrid,1983,8,1991,RCD Mallorca,1852,-8,1844
2005-04-03,Racing Santander,1867,-15,1852,Espanyol Barcelona,1962,15,1977
2005-04-03,Málaga CF,1884,-3,1881,Getafe CF,1882,3,1885
2005-04-03,Sevilla FC,1972,3,1975,CD Numancia,1775,-3,1772
2005-04-02,Villarreal CF,2077,8,2085,Athletic Bilbao,1992,-8,1984
2005-04-02,Real Zaragoza,1951,-1,1950,Valencia CF,2019,1,2020
2005-04-02,Real Sociedad,1932,9,1941,CA Osasuna,1873,-9,1864
2005-03-20,Real Madrid,2071,3,2074,Málaga CF,1887,-3,1884
2005-03-20,Real Zaragoza,1953,-2,1951,Atlético Madrid,1981,2,1983
2005-03-20,Valencia CF,2012,7,2019,Getafe CF,1889,-7,1882
2005-03-20,Athletic Bilbao,1985,7,1992,Levante UD,1868,-7,1861
2005-03-20,RCD Mallorca,1862,-10,1852,Sevilla FC,1962,10,1972
2005-03-20,CD Numancia,1786,-11,1775,Racing Santander,1856,11,1867
2005-03-19,Deportivo La Coruña,1984,-8,1976,FC Barcelona,2138,8,2146
2005-03-19,Espanyol Barcelona,1966,-4,1962,Real Sociedad,1928,4,1932
2005-03-19,Real Betis,2007,3,2010,Albacete,1829,-3,1826
2005-03-16,Athletic Bilbao,2001,-16,1985,Getafe CF,1873,16,1889
2005-03-13,Villarreal CF,2063,9,2072,Espanyol Barcelona,1975,-9,1966
2005-03-13,Atlético Madrid,1973,8,1981,Valencia CF,2020,-8,2012
2005-03-13,Getafe CF,1860,13,1873,Real Madrid,2084,-13,2071
2005-03-13,Sevilla FC,1989,-14,1975,Real Zaragoza,1944,14,1958
2005-03-13,Albacete,1838,-9,1829,Deportivo La Coruña,1975,9,1984
2005-03-13,Levante UD,1853,15,1868,CA Osasuna,1888,-15,1873
2005-03-13,Racing Santander,1842,14,1856,RCD Mallorca,1876,-14,1862
2005-03-13,Real Sociedad,1924,4,1928,CD Numancia,1790,-4,1786
2005-03-12,FC Barcelona,2131,7,2138,Athletic Bilbao,2008,-7,2001
2005-03-12,Málaga CF,1897,-10,1887,Real Betis,1997,10,2007
2005-03-06,Deportivo La Coruña,1969,6,1975,Málaga CF,1903,-6,1897
2005-03-06,Real Betis,2003,-6,1997,Getafe CF,1854,6,1860
2005-03-06,CD Numancia,1785,5,1790,Villarreal CF,2068,-5,2063
2005-03-06,Athletic Bilbao,2002,6,2008,Albacete,1844,-6,1838
2005-03-06,Espanyol Barcelona,1970,5,1975,Levante UD,1858,-5,1853
2005-03-06,RCD Mallorca,1867,9,1876,Real Sociedad,1933,-9,1924
2005-03-06,Real Zaragoza,1936,5,1941,Racing Santander,1847,-5,1842
2005-03-05,Valencia CF,2021,-1,2020,Real Madrid,2101,1,2102
2005-03-05,CA Osasuna,1894,-6,1888,FC Barcelona,2137,6,2143
2005-03-05,Atlético Madrid,1958,15,1973,Sevilla FC,2011,-15,1996
2005-03-02,Real Madrid,2093,8,2101,Real Betis,2011,-8,2003
2005-03-02,Sevilla FC,2014,-3,2011,Valencia CF,2018,3,2021
2005-03-02,Villarreal CF,2065,3,2068,RCD Mallorca,1870,-3,1867
2005-03-02,Málaga CF,1892,11,1903,Athletic Bilbao,2013,-11,2002
2005-03-02,Real Sociedad,1925,8,1933,Real Zaragoza,1944,-8,1936
2005-03-02,Getafe CF,1854,0,1854,Deportivo La Coruña,1969,0,1969
2005-03-02,Racing Santander,1836,11,1847,Atlético Madrid,1969,-11,1958
2005-03-02,Albacete,1845,-1,1844,CA Osasuna,1893,1,1894
2005-03-02,Levante UD,1863,-5,1858,CD Numancia,1780,5,1785
2005-03-01,FC Barcelona,2144,-7,2137,Espanyol Barcelona,1963,7,1970
2005-02-27,Valencia CF,2011,7,2018,Real Betis,2018,-7,2011
2005-02-27,Real Zaragoza,1933,11,1944,Villarreal CF,2076,-11,2065
2005-02-27,Atlético Madrid,1963,6,1969,Real Sociedad,1931,-6,1925
2005-02-27,Sevilla FC,2021,-7,2014,Racing Santander,1829,7,1836
2005-02-27,CA Osasuna,1921,-28,1893,Málaga CF,1864,28,1892
2005-02-26,Deportivo La Coruña,1951,18,1969,Real Madrid,2111,-18,2093
2005-02-26,CD Numancia,1773,7,1780,FC Barcelona,2151,-7,2144
2005-02-26,Espanyol Barcelona,1958,5,1963,Albacete,1850,-5,1845
2005-02-26,RCD Mallorca,1884,-14,1870,Levante UD,1849,14,1863
2005-02-20,Villarreal CF,2059,5,2064,Atlético Madrid,1968,-5,1963
2005-02-20,Real Betis,2009,9,2018,Deportivo La Coruña,1960,-9,1951
2005-02-20,Racing Santander,1815,14,1829,Valencia CF,2046,-14,2032
2005-02-20,Málaga CF,1854,10,1864,Espanyol Barcelona,1968,-10,1958
2005-02-20,Getafe CF,1855,-1,1854,CA Osasuna,1920,1,1921
2005-02-20,Levante UD,1850,-1,1849,Real Zaragoza,1923,1,1924
2005-02-20,Albacete,1865,-15,1850,CD Numancia,1758,15,1773
2005-02-19,Real Madrid,2124,-23,2101,Athletic Bilbao,2011,23,2034
2005-02-19,FC Barcelona,2133,4,2137,RCD Mallorca,1888,-4,1884
2005-02-19,Real Sociedad,1921,10,1931,Sevilla FC,2018,-10,2008
2005-02-13,Sevilla FC,2021,8,2029,Villarreal CF,2065,-8,2057
2005-02-13,CA Osasuna,1928,-8,1920,Real Madrid,2116,8,2124
2005-02-13,Athletic Bilbao,2014,-3,2011,Real Betis,2006,3,2009
2005-02-13,Espanyol Barcelona,1961,7,1968,Getafe CF,1862,-7,1855
2005-02-13,Atlético Madrid,1971,-6,1965,Levante UD,1844,6,1850
2005-02-13,RCD Mallorca,1881,7,1888,Albacete,1872,-7,1865
2005-02-13,Racing Santander,1831,-16,1815,Real Sociedad,1905,16,1921
2005-02-13,CD Numancia,1772,-11,1761,Málaga CF,1843,11,1854
2005-02-12,Real Zaragoza,1919,-13,1906,FC Barcelona,2120,13,2133
2005-02-12,Valencia CF,2054,-15,2039,Deportivo La Coruña,1945,15,1960
2005-02-06,FC Barcelona,2145,-25,2120,Atlético Madrid,1946,25,1971
2005-02-06,Deportivo La Coruña,1946,-1,1945,Athletic Bilbao,2013,1,2014
2005-02-06,Real Betis,1997,9,2006,CA Osasuna,1937,-9,1928
2005-02-06,Villarreal CF,2062,3,2065,Racing Santander,1834,-3,1831
2005-02-06,Levante UD,1859,-15,1844,Sevilla FC,2006,15,2021
2005-02-06,Albacete,1863,9,1872,Real Zaragoza,1928,-9,1919
2005-02-06,Málaga CF,1845,-2,1843,RCD Mallorca,1879,2,1881
2005-02-06,Getafe CF,1857,5,1862,CD Numancia,1777,-5,1772
2005-02-05,Real Madrid,2108,8,2116,Espanyol Barcelona,1969,-8,1961
2005-02-05,Real Sociedad,1903,2,1905,Valencia CF,2056,-2,2054
2005-01-30,Valencia CF,2060,-4,2056,Athletic Bilbao,2000,4,2004
2005-01-30,Espanyol Barcelona,1971,-2,1969,Real Betis,1995,2,1997
2005-01-30,Real Sociedad,1921,-18,1903,Villarreal CF,2044,18,2062
2005-01-30,CD Numancia,1779,-4,1775,Real Madrid,2104,4,2108
2005-01-30,CA Osasuna,1924,-2,1922,Deportivo La Coruña,1944,2,1946
2005-01-30,Real Zaragoza,1923,5,1928,Málaga CF,1850,-5,1845
2005-01-30,RCD Mallorca,1868,11,1879,Getafe CF,1868,-11,1857
2005-01-30,Racing Santander,1836,-2,1834,Levante UD,1857,2,1859
2005-01-29,Sevilla FC,2041,-20,2021,FC Barcelona,2125,20,2145
2005-01-29,Atlético Madrid,1940,8,1948,Albacete,1871,-8,1863
2005-01-23,Villarreal CF,2031,13,2044,Valencia CF,2073,-13,2060
2005-01-23,Real Madrid,2100,4,2104,RCD Mallorca,1872,-4,1868
2005-01-23,Deportivo La Coruña,1929,15,1944,Espanyol Barcelona,1986,-15,1971
2005-01-23,Albacete,1884,-13,1871,Sevilla FC,2023,13,2036
2005-01-23,Getafe CF,1851,17,1868,Real Zaragoza,1940,-17,1923
2005-01-23,Málaga CF,1840,10,1850,Atlético Madrid,1950,-10,1940
2005-01-23,Levante UD,1848,9,1857,Real Sociedad,1930,-9,1921
2005-01-23,Real Betis,1989,6,1995,CD Numancia,1785,-6,1779
2005-01-22,FC Barcelona,2121,4,2125,Racing Santander,1840,-4,1836
2005-01-22,Athletic Bilbao,1990,6,1996,CA Osasuna,1935,-6,1929
2005-01-16,FC Barcelona,2118,3,2121,Real Sociedad,1933,-3,1930
2005-01-16,Real Madrid,2102,6,2108,Real Zaragoza,1946,-6,1940
2005-01-16,CA Osasuna,1944,1,1945,Valencia CF,2074,-1,2073
2005-01-16,Athletic Bilbao,1993,-3,1990,Espanyol Barcelona,1983,3,1986
2005-01-16,Levante UD,1861,-13,1848,Villarreal CF,2018,13,2031
2005-01-16,Real Betis,1982,7,1989,RCD Mallorca,1879,-7,1872
2005-01-16,Albacete,1888,-4,1884,Racing Santander,1836,4,1840
2005-01-16,Deportivo La Coruña,1935,-6,1929,CD Numancia,1773,6,1779
2005-01-15,Málaga CF,1827,13,1840,Sevilla FC,2033,-13,2020
2005-01-15,Getafe CF,1841,0,1841,Atlético Madrid,1947,0,1947
2005-01-09,Villarreal CF,1999,19,2018,FC Barcelona,2137,-19,2118
2005-01-09,Atlético Madrid,1954,-16,1938,Real Madrid,2090,16,2106
2005-01-09,Real Zaragoza,1937,9,1946,Real Betis,1991,-9,1982
2005-01-09,Espanyol Barcelona,1972,11,1983,CA Osasuna,1947,-11,1936
2005-01-09,Real Sociedad,1956,-23,1933,Albacete,1865,23,1888
2005-01-09,RCD Mallorca,1880,-1,1879,Deportivo La Coruña,1934,1,1935
2005-01-09,Racing Santander,1829,7,1836,Málaga CF,1834,-7,1827
2005-01-08,Valencia CF,2071,3,2074,Levante UD,1864,-3,1861
2005-01-08,Sevilla FC,2030,-7,2023,Getafe CF,1842,7,1849
2005-01-08,CD Numancia,1778,3,1781,Athletic Bilbao,1996,-3,1993
2005-01-05,Real Madrid,2086,4,2090,Real Sociedad,1960,-4,1956
2004-12-22,Real Madrid,2101,-15,2086,Sevilla FC,2015,15,2030
2004-12-22,Valencia CF,2062,9,2071,Espanyol Barcelona,1981,-9,1972
2004-12-22,Athletic Bilbao,1987,9,1996,RCD Mallorca,1889,-9,1880
2004-12-22,Deportivo La Coruña,1947,-13,1934,Real Zaragoza,1924,13,1937
2004-12-22,Albacete,1864,1,1865,Villarreal CF,2000,-1,1999
2004-12-22,Málaga CF,1854,-20,1834,Real Sociedad,1940,20,1960
2004-12-22,CA Osasuna,1941,6,1947,CD Numancia,1784,-6,1778
2004-12-22,Getafe CF,1831,11,1842,Racing Santander,1840,-11,1829
2004-12-21,FC Barcelona,2135,2,2137,Levante UD,1866,-2,1864
2004-12-21,Real Betis,1984,7,1991,Atlético Madrid,1961,-7,1954
2004-12-19,Sevilla FC,2008,7,2015,Real Betis,1991,-7,1984
2004-12-19,Real Zaragoza,1942,-18,1924,Athletic Bilbao,1969,18,1987
2004-12-19,Atlético Madrid,1954,7,1961,Deportivo La Coruña,1954,-7,1947
2004-12-19,Villarreal CF,1993,7,2000,Málaga CF,1861,-7,1854
2004-12-19,RCD Mallorca,1901,-12,1889,CA Osasuna,1929,12,1941
2004-12-19,Real Sociedad,1946,-6,1940,Getafe CF,1825,6,1831
2004-12-19,CD Numancia,1781,3,1784,Espanyol Barcelona,1984,-3,1981
2004-12-18,FC Barcelona,2140,-5,2135,Valencia CF,2057,5,2062
2004-12-18,Racing Santander,1846,-6,1840,Real Madrid,2095,6,2101
2004-12-18,Levante UD,1869,-3,1866,Albacete,1861,3,1864
2004-12-12,Deportivo La Coruña,1955,-1,1954,Sevilla FC,2019,1,2020
2004-12-12,Espanyol Barcelona,1979,5,1984,RCD Mallorca,1906,-5,1901
2004-12-12,CA Osasuna,1932,-3,1929,Real Zaragoza,1934,3,1937
2004-12-12,Valencia CF,2055,2,2057,CD Numancia,1783,-2,1781
2004-12-12,Real Betis,1987,4,1991,Racing Santander,1850,-4,1846
2004-12-12,Getafe CF,1834,-9,1825,Villarreal CF,1980,9,1989
2004-12-12,Málaga CF,1853,8,1861,Levante UD,1877,-8,1869
2004-12-11,Albacete,1866,-5,1861,FC Barcelona,2135,5,2140
2004-12-11,Athletic Bilbao,1936,8,1944,Atlético Madrid,1962,-8,1954
2004-12-05,Villarreal CF,1980,0,1980,Real Madrid,2074,0,2074
2004-12-05,Sevilla FC,2011,8,2019,Athletic Bilbao,1944,-8,1936
2004-12-05,Real Zaragoza,1946,-12,1934,Espanyol Barcelona,1967,12,1979
2004-12-05,Atlético Madrid,1955,7,1962,CA Osasuna,1939,-7,1932
2004-12-05,Racing Santander,1849,1,1850,Deportivo La Coruña,1994,-1,1993
2004-12-05,Levante UD,1881,-4,1877,Getafe CF,1830,4,1834
2004-12-05,RCD Mallorca,1901,5,1906,CD Numancia,1788,-5,1783
2004-12-04,FC Barcelona,2161,3,2164,Málaga CF,1856,-3,1853
2004-12-04,Albacete,1873,-7,1866,Valencia CF,2077,7,2084
2004-12-04,Real Sociedad,1937,9,1946,Real Betis,1996,-9,1987
2004-11-28,Valencia CF,2072,5,2077,RCD Mallorca,1906,-5,1901
2004-11-28,Real Betis,1989,7,1996,Villarreal CF,1987,-7,1980
2004-11-28,Real Madrid,2067,7,2074,Levante UD,1888,-7,1881
2004-11-28,CA Osasuna,1921,18,1939,Sevilla FC,2024,-18,2006
2004-11-28,Deportivo La Coruña,1998,-4,1994,Real Sociedad,1933,4,1937
2004-11-28,CD Numancia,1776,12,1788,Real Zaragoza,1953,-12,1941
2004-11-28,Málaga CF,1876,-20,1856,Albacete,1853,20,1873
2004-11-27,Getafe CF,1834,-4,1830,FC Barcelona,2157,4,2161
2004-11-27,Espanyol Barcelona,1960,7,1967,Atlético Madrid,1962,-7,1955
2004-11-27,Athletic Bilbao,1926,10,1936,Racing Santander,1859,-10,1849
2004-11-21,Sevilla FC,2020,6,2026,Espanyol Barcelona,1966,-6,1960
2004-11-21,Levante UD,1899,-11,1888,Real Betis,1978,11,1989
2004-11-21,Real Zaragoza,1968,-15,1953,RCD Mallorca,1891,15,1906
2004-11-21,Real Sociedad,1926,7,1933,Athletic Bilbao,1933,-7,1926
2004-11-21,Racing Santander,1860,-1,1859,CA Osasuna,1920,1,1921
2004-11-21,Atlético Madrid,1957,5,1962,CD Numancia,1781,-5,1776
2004-11-21,Albacete,1856,-3,1853,Getafe CF,1831,3,1834
2004-11-20,FC Barcelona,2157,9,2166,Real Madrid,2084,-9,2075
2004-11-20,Villarreal CF,1990,-19,1971,Deportivo La Coruña,1991,19,2010
2004-11-20,Málaga CF,1888,-12,1876,Valencia CF,2047,12,2059
2004-11-14,Real Betis,1965,13,1978,FC Barcelona,2170,-13,2157
2004-11-14,Real Madrid,2078,6,2084,Albacete,1862,-6,1856
2004-11-14,RCD Mallorca,1892,-1,1891,Atlético Madrid,1956,1,1957
2004-11-13,Valencia CF,2052,-5,2047,Real Zaragoza,1963,5,1968
2004-11-13,Athletic Bilbao,1924,9,1933,Villarreal CF,1999,-9,1990
2004-11-13,Deportivo La Coruña,1986,5,1991,Levante UD,1904,-5,1899
2004-11-13,CA Osasuna,1912,8,1920,Real Sociedad,1934,-8,1926
2004-11-13,Espanyol Barcelona,1961,5,1966,Racing Santander,1865,-5,1860
2004-11-13,CD Numancia,1767,14,1781,Sevilla FC,2034,-14,2020
2004-11-13,Getafe CF,1822,9,1831,Málaga CF,1897,-9,1888
2004-11-07,Málaga CF,1936,-14,1922,Real Madrid,2060,14,2074
2004-11-07,Sevilla FC,2037,-6,2031,RCD Mallorca,1886,6,1892
2004-11-07,Atlético Madrid,1953,-3,1950,Real Zaragoza,1960,3,1963
2004-11-07,Villarreal CF,1990,9,1999,CA Osasuna,1913,-9,1904
2004-11-07,Real Sociedad,1954,-20,1934,Espanyol Barcelona,1941,20,1961
2004-11-07,Getafe CF,1799,14,1813,Valencia CF,2066,-14,2052
2004-11-07,Levante UD,1896,8,1904,Athletic Bilbao,1927,-8,1919
2004-11-07,Racing Santander,1865,8,1873,CD Numancia,1777,-8,1769
2004-11-06,FC Barcelona,2166,4,2170,Deportivo La Coruña,2005,-4,2001
2004-11-06,Albacete,1873,-1,1872,Real Betis,1954,1,1955
2004-10-31,Real Zaragoza,1954,17,1971,Sevilla FC,2049,-17,2032
2004-10-31,Espanyol Barcelona,1943,-2,1941,Villarreal CF,1988,2,1990
2004-10-31,Deportivo La Coruña,2029,-6,2023,Albacete,1867,6,1873
2004-10-31,Real Betis,1957,-3,1954,Málaga CF,1933,3,1936
2004-10-31,Real Madrid,2054,3,2057,Getafe CF,1802,-3,1799
2004-10-31,CA Osasuna,1927,-14,1913,Levante UD,1882,14,1896
2004-10-31,RCD Mallorca,1900,-14,1886,Racing Santander,1851,14,1865
2004-10-31,CD Numancia,1790,-13,1777,Real Sociedad,1941,13,1954
2004-10-30,Athletic Bilbao,1946,3,1949,FC Barcelona,2158,-3,2155
2004-10-30,Valencia CF,2066,-6,2060,Atlético Madrid,1947,6,1953
2004-10-24,FC Barcelona,2153,5,2158,CA Osasuna,1937,-5,1932
2004-10-24,Sevilla FC,2042,5,2047,Atlético Madrid,1945,-5,1940
2004-10-24,Levante UD,1900,-18,1882,Espanyol Barcelona,1929,18,1947
2004-10-24,Real Sociedad,1926,7,1933,RCD Mallorca,1900,-7,1893
2004-10-24,Racing Santander,1840,11,1851,Real Zaragoza,1980,-11,1969
2004-10-24,Albacete,1857,10,1867,Athletic Bilbao,1956,-10,1946
2004-10-24,Villarreal CF,1997,6,2003,CD Numancia,1796,-6,1790
2004-10-24,Getafe CF,1806,-13,1793,Real Betis,1944,13,1957
2004-10-23,Real Madrid,2042,9,2051,Valencia CF,2093,-9,2084
2004-10-23,Málaga CF,1933,0,1933,Deportivo La Coruña,2029,0,2029
2004-10-17,Valencia CF,2150,-16,2134,Sevilla FC,2026,16,2042
2004-10-17,Real Zaragoza,1968,6,1974,Real Sociedad,1932,-6,1926
2004-10-17,RCD Mallorca,1900,0,1900,Villarreal CF,1993,0,1993
2004-10-17,Athletic Bilbao,1938,7,1945,Málaga CF,1940,-7,1933
2004-10-17,CA Osasuna,1929,8,1937,Albacete,1865,-8,1857
2004-10-17,Atlético Madrid,1940,5,1945,Racing Santander,1845,-5,1840
2004-10-17,CD Numancia,1812,-16,1796,Levante UD,1884,16,1900
2004-10-16,Espanyol Barcelona,1936,-7,1929,FC Barcelona,2157,7,2164
2004-10-16,Real Betis,1944,0,1944,Real Madrid,2031,0,2031
2004-10-16,Deportivo La Coruña,2021,3,2024,Getafe CF,1809,-3,1806
2004-10-03,Real Madrid,2045,-14,2031,Deportivo La Coruña,2007,14,2021
2004-10-03,FC Barcelona,2156,1,2157,CD Numancia,1813,-1,1812
2004-10-03,Villarreal CF,1982,11,1993,Real Zaragoza,1979,-11,1968
2004-10-03,Racing Santander,1843,2,1845,Sevilla FC,2028,-2,2026
2004-10-03,Málaga CF,1929,11,1940,CA Osasuna,1940,-11,1929
2004-10-03,Albacete,1855,10,1865,Espanyol Barcelona,1946,-10,1936
2004-10-03,Levante UD,1871,13,1884,RCD Mallorca,1913,-13,1900
2004-10-03,Getafe CF,1791,18,1809,Athletic Bilbao,1956,-18,1938
2004-10-02,Real Betis,1941,3,1944,Valencia CF,2153,-3,2150
2004-10-02,Real Sociedad,1924,8,1932,Atlético Madrid,1948,-8,1940
2004-09-26,RCD Mallorca,1923,-10,1913,FC Barcelona,2137,10,2147
2004-09-26,Valencia CF,2166,2,2168,Racing Santander,1845,-2,1843
2004-09-26,Sevilla FC,2017,5,2022,Real Sociedad,1929,-5,1924
2004-09-26,Espanyol Barcelona,1939,7,1946,Málaga CF,1936,-7,1929
2004-09-26,Real Zaragoza,1964,5,1969,Levante UD,1876,-5,1871
2004-09-26,CA Osasuna,1936,4,1940,Getafe CF,1795,-4,1791
2004-09-26,CD Numancia,1815,-2,1813,Albacete,1853,2,1855
2004-09-25,Athletic Bilbao,1937,10,1947,Real Madrid,2043,-10,2033
2004-09-25,Deportivo La Coruña,2029,-5,2024,Real Betis,1936,5,1941
2004-09-25,Atlético Madrid,1939,9,1948,Villarreal CF,1987,-9,1978
2004-09-23,FC Barcelona,2131,6,2137,Real Zaragoza,1970,-6,1964
2004-09-22,Deportivo La Coruña,2048,-19,2029,Valencia CF,2147,19,2166
2004-09-22,Villarreal CF,1989,-2,1987,Sevilla FC,2015,2,2017
2004-09-22,Real Betis,1928,8,1936,Athletic Bilbao,1945,-8,1937
2004-09-22,Levante UD,1867,9,1876,Atlético Madrid,1948,-9,1939
2004-09-22,Albacete,1854,-1,1853,RCD Mallorca,1922,1,1923
2004-09-22,Real Sociedad,1944,-15,1929,Racing Santander,1830,15,1845
2004-09-22,Málaga CF,1928,8,1936,CD Numancia,1823,-8,1815
2004-09-22,Getafe CF,1783,12,1795,Espanyol Barcelona,1951,-12,1939
2004-09-21,Real Madrid,2038,5,2043,CA Osasuna,1941,-5,1936
2004-09-19,Atlético Madrid,1945,3,1948,FC Barcelona,2134,-3,2131
2004-09-19,Athletic Bilbao,1956,-11,1945,Deportivo La Coruña,2037,11,2048
2004-09-19,Sevilla FC,2008,7,2015,Levante UD,1874,-7,1867
2004-09-19,RCD Mallorca,1935,-13,1922,Málaga CF,1915,13,1928
2004-09-19,Real Zaragoza,1965,5,1970,Albacete,1859,-5,1854
2004-09-19,Racing Santander,1828,2,1830,Villarreal CF,1991,-2,1989
2004-09-19,CD Numancia,1816,7,1823,Getafe CF,1790,-7,1783
2004-09-18,Valencia CF,2142,5,2147,Real Sociedad,1949,-5,1944
2004-09-18,Espanyol Barcelona,1941,10,1951,Real Madrid,2048,-10,2038
2004-09-18,CA Osasuna,1934,7,1941,Real Betis,1935,-7,1928
2004-09-12,Deportivo La Coruña,2069,-25,2044,CA Osasuna,1909,25,1934
2004-09-12,Villarreal CF,1988,-4,1984,Real Sociedad,1945,4,1949
2004-09-12,Málaga CF,1917,-2,1915,Real Zaragoza,1959,2,1961
2004-09-12,Real Betis,1959,-24,1935,Espanyol Barcelona,1917,24,1941
2004-09-12,Albacete,1876,-17,1859,Atlético Madrid,1928,17,1945
2004-09-12,Getafe CF,1799,-9,1790,RCD Mallorca,1926,9,1935
2004-09-12,Levante UD,1864,10,1874,Racing Santander,1838,-10,1828
2004-09-11,FC Barcelona,2099,8,2107,Sevilla FC,2012,-8,2004
2004-09-11,Athletic Bilbao,1968,2,1970,Valencia CF,2135,-2,2133
2004-09-11,Real Madrid,2070,2,2072,CD Numancia,1818,-2,1816
2004-08-30,Valencia CF,2131,4,2135,Villarreal CF,1992,-4,1988
2004-08-29,RCD Mallorca,1935,-9,1926,Real Madrid,2061,9,2070
2004-08-29,Racing Santander,1847,-9,1838,FC Barcelona,2090,9,2099
2004-08-29,Sevilla FC,2008,4,2012,Albacete,1880,-4,1876
2004-08-29,CA Osasuna,1910,-1,1909,Athletic Bilbao,1967,1,1968
2004-08-29,Real Sociedad,1950,-5,1945,Levante UD,1859,5,1864
2004-08-29,Real Zaragoza,1953,6,1959,Getafe CF,1805,-6,1799
2004-08-28,Espanyol Barcelona,1915,2,1917,Deportivo La Coruña,2071,-2,2069
2004-08-28,Atlético Madrid,1917,11,1928,Málaga CF,1928,-11,1917
2004-08-28,CD Numancia,1817,1,1818,Real Betis,1960,-1,1959
2006-05-20,Athletic Bilbao,1917,23,1940,FC Barcelona,2233,-23,2210
2006-05-16,Sevilla FC,2089,8,2097,Real Madrid,2111,-8,2103
2006-05-16,CA Osasuna,1954,10,1964,Valencia CF,2070,-10,2060
2006-05-13,Sevilla FC,2077,12,2089,FC Barcelona,2233,-12,2221
2006-05-13,Celta Vigo,1974,7,1981,Getafe CF,1962,-7,1955
2006-05-13,Villarreal CF,2008,6,2014,Racing Santander,1863,-6,1857
2006-05-13,Atlético Madrid,1964,-5,1959,Real Betis,1895,5,1900
2006-05-13,RCD Mallorca,1890,13,1903,Real Zaragoza,1932,-13,1919
2006-05-13,Espanyol Barcelona,1922,6,1928,Real Sociedad,1883,-6,1877
2006-05-13,CD Alavés,1837,11,1848,Deportivo La Coruña,1955,-11,1944
2006-05-13,Cádiz CF,1830,12,1842,Málaga CF,1793,-12,1781
2006-05-07,Real Madrid,2116,-5,2111,Villarreal CF,2003,5,2008
2006-05-07,Deportivo La Coruña,1969,-14,1955,Athletic Bilbao,1903,14,1917
2006-05-07,Real Sociedad,1883,0,1883,Celta Vigo,1974,0,1974
2006-05-07,Racing Santander,1853,10,1863,CA Osasuna,1964,-10,1954
2006-05-07,Getafe CF,1955,7,1962,Cádiz CF,1837,-7,1830
2006-05-07,Real Betis,1888,7,1895,RCD Mallorca,1897,-7,1890
2006-05-07,Real Zaragoza,1923,9,1932,CD Alavés,1846,-9,1837
2006-05-06,FC Barcelona,2230,3,2233,Espanyol Barcelona,1925,-3,1922
2006-05-06,Valencia CF,2076,-6,2070,Atlético Madrid,1958,6,1964
2006-05-06,Málaga CF,1802,-9,1793,Sevilla FC,2052,9,2061
2006-05-04,Racing Santander,1859,-6,1853,Real Madrid,2110,6,2116
2006-05-03,Celta Vigo,1980,-6,1974,FC Barcelona,2224,6,2230
2006-05-03,Sevilla FC,2043,9,2052,Getafe CF,1964,-9,1955
2006-05-03,RCD Mallorca,1884,13,1897,Valencia CF,2089,-13,2076
2006-05-03,Atlético Madrid,1971,-13,1958,CA Osasuna,1951,13,1964
2006-05-03,Espanyol Barcelona,1937,-12,1925,Deportivo La Coruña,1957,12,1969
2006-05-03,Athletic Bilbao,1895,8,1903,Real Zaragoza,1931,-8,1923
2006-05-03,Villarreal CF,2000,3,2003,Málaga CF,1805,-3,1802
2006-05-03,CD Alavés,1832,14,1846,Real Betis,1902,-14,1888
2006-05-03,Cádiz CF,1839,-2,1837,Real Sociedad,1881,2,1883
2006-04-30,CA Osasuna,1960,-9,1951,Real Madrid,2101,9,2110
2006-04-30,Getafe CF,1966,-2,1964,Villarreal CF,1998,2,2000
2006-04-30,Real Sociedad,1890,-9,1881,Sevilla FC,2034,9,2043
2006-04-30,Valencia CF,2085,4,2089,CD Alavés,1836,-4,1832
2006-04-30,Real Zaragoza,1934,-3,1931,Espanyol Barcelona,1934,3,1937
2006-04-30,Atlético Madrid,1987,-16,1971,RCD Mallorca,1868,16,1884
2006-04-30,Málaga CF,1817,-12,1805,Racing Santander,1847,12,1859
2006-04-29,FC Barcelona,2223,1,2224,Cádiz CF,1840,-1,1839
2006-04-29,Deportivo La Coruña,1977,-20,1957,Celta Vigo,1960,20,1980
2006-04-29,Real Betis,1905,-3,1902,Athletic Bilbao,1892,3,1895
2006-04-23,Athletic Bilbao,1906,-14,1892,Valencia CF,2071,14,2085
2006-04-23,Real Madrid,2099,2,2101,Málaga CF,1819,-2,1817
2006-04-23,Espanyol Barcelona,1924,10,1934,Real Betis,1915,-10,1905
2006-04-23,RCD Mallorca,1879,-11,1868,CA Osasuna,1949,11,1960
2006-04-23,Cádiz CF,1839,1,1840,Deportivo La Coruña,1978,-1,1977
2006-04-23,Racing Santander,1863,-16,1847,Getafe CF,1950,16,1966
2006-04-22,Celta Vigo,1947,13,1960,Real Zaragoza,1947,-13,1934
2006-04-22,Villarreal CF,2020,-24,1996,Real Sociedad,1866,24,1890
2006-04-22,CD Alavés,1845,-9,1836,Atlético Madrid,1978,9,1987
2006-04-16,Getafe CF,1949,1,1950,Real Madrid,2100,-1,2099
2006-04-16,Valencia CF,2063,8,2071,Espanyol Barcelona,1932,-8,1924
2006-04-16,Atlético Madrid,1972,6,1978,Athletic Bilbao,1912,-6,1906
2006-04-16,Real Betis,1935,-20,1915,Celta Vigo,1927,20,1947
2006-04-16,Real Zaragoza,1963,-16,1947,Cádiz CF,1823,16,1839
2006-04-16,CA Osasuna,1955,-6,1949,Málaga CF,1813,6,1819
2006-04-15,Deportivo La Coruña,1980,-2,1978,Sevilla FC,2019,2,2021
2006-04-15,Real Sociedad,1858,8,1866,Racing Santander,1871,-8,1863
2006-04-15,RCD Mallorca,1883,-4,1879,CD Alavés,1841,4,1845
2006-04-14,FC Barcelona,2207,3,2210,Villarreal CF,2030,-3,2027
2006-04-09,Racing Santander,1865,6,1871,FC Barcelona,2213,-6,2207
2006-04-09,Villarreal CF,2034,-4,2030,Deportivo La Coruña,1976,4,1980
2006-04-09,Sevilla FC,2023,-4,2019,Real Zaragoza,1980,4,1984
2006-04-09,Espanyol Barcelona,1912,-1,1911,Atlético Madrid,1971,1,1972
2006-04-09,CD Alavés,1851,-10,1841,CA Osasuna,1945,10,1955
2006-04-09,Athletic Bilbao,1916,-4,1912,RCD Mallorca,1879,4,1883
2006-04-08,Celta Vigo,1936,-9,1927,Valencia CF,2054,9,2063
2006-04-08,Real Madrid,2108,-8,2100,Real Sociedad,1850,8,1858
2006-04-08,Málaga CF,1823,-10,1813,Getafe CF,1939,10,1949
2006-04-08,Cádiz CF,1823,0,1823,Real Betis,1935,0,1935
2006-04-02,Real Betis,1925,10,1935,Sevilla FC,2034,-10,2024
2006-04-02,Atlético Madrid,1997,-26,1971,Celta Vigo,1910,26,1936
2006-04-02,CA Osasuna,1972,-27,1945,Getafe CF,1912,27,1939
2006-04-02,Valencia CF,2050,4,2054,Cádiz CF,1827,-4,1823
2006-04-02,Deportivo La Coruña,1969,7,1976,Racing Santander,1872,-7,1865
2006-04-02,RCD Mallorca,1881,-2,1879,Espanyol Barcelona,1910,2,1912
2006-04-02,CD Alavés,1852,-1,1851,Athletic Bilbao,1915,1,1916
2006-04-01,FC Barcelona,2213,-5,2208,Real Madrid,2103,5,2108
2006-04-01,Real Zaragoza,1992,-12,1980,Villarreal CF,2007,12,2019
2006-04-01,Real Sociedad,1838,12,1850,Málaga CF,1835,-12,1823
2006-03-26,Sevilla FC,2016,8,2024,Valencia CF,2058,-8,2050
2006-03-26,Real Madrid,2095,8,2103,Deportivo La Coruña,1977,-8,1969
2006-03-26,Racing Santander,1871,1,1872,Real Zaragoza,1993,-1,1992
2006-03-26,Cádiz CF,1825,2,1827,Atlético Madrid,1999,-2,1997
2006-03-26,Celta Vigo,1899,11,1910,RCD Mallorca,1892,-11,1881
2006-03-26,Espanyol Barcelona,1914,-4,1910,CD Alavés,1848,4,1852
2006-03-26,Getafe CF,1906,6,1912,Real Sociedad,1844,-6,1838
2006-03-25,Málaga CF,1828,7,1835,FC Barcelona,2227,-7,2220
2006-03-25,Villarreal CF,2030,-16,2014,Real Betis,1909,16,1925
2006-03-25,Athletic Bilbao,1906,9,1915,CA Osasuna,1981,-9,1972
2006-03-23,Atlético Madrid,2012,-13,1999,Sevilla FC,2003,13,2016
2006-03-22,Valencia CF,2062,-4,2058,Villarreal CF,2026,4,2030
2006-03-22,Real Zaragoza,1993,0,1993,Real Madrid,2095,0,2095
2006-03-22,CA Osasuna,1974,7,1981,Real Sociedad,1851,-7,1844
2006-03-22,Athletic Bilbao,1909,-3,1906,Espanyol Barcelona,1911,3,1914
2006-03-22,Deportivo La Coruña,1973,4,1977,Málaga CF,1832,-4,1828
2006-03-22,Real Betis,1902,7,1909,Racing Santander,1878,-7,1871
2006-03-22,CD Alavés,1839,9,1848,Celta Vigo,1908,-9,1899
2006-03-22,RCD Mallorca,1886,6,1892,Cádiz CF,1831,-6,1825
2006-03-21,FC Barcelona,2224,3,2227,Getafe CF,1909,-3,1906
2006-03-19,Real Madrid,2102,-7,2095,Real Betis,1895,7,1902
2006-03-19,Racing Santander,1865,13,1878,Valencia CF,2075,-13,2062
2006-03-19,Sevilla FC,2009,-6,2003,RCD Mallorca,1880,6,1886
2006-03-19,Espanyol Barcelona,1929,-18,1911,CA Osasuna,1956,18,1974
2006-03-19,Málaga CF,1841,-9,1832,Real Zaragoza,1984,9,1993
2006-03-19,Celta Vigo,1921,-13,1908,Athletic Bilbao,1896,13,1909
2006-03-19,Cádiz CF,1834,-3,1831,CD Alavés,1836,3,1839
2006-03-18,Real Sociedad,1856,-5,1851,FC Barcelona,2219,5,2224
2006-03-18,Villarreal CF,2029,-3,2026,Atlético Madrid,2009,3,2012
2006-03-18,Getafe CF,1921,-12,1909,Deportivo La Coruña,1961,12,1973
2006-03-12,CA Osasuna,1941,15,1956,FC Barcelona,2234,-15,2219
2006-03-12,RCD Mallorca,1879,1,1880,Villarreal CF,2030,-1,2029
2006-03-12,Real Zaragoza,1999,-15,1984,Getafe CF,1906,15,1921
2006-03-12,Atlético Madrid,2005,4,2009,Racing Santander,1869,-4,1865
2006-03-12,CD Alavés,1824,12,1836,Sevilla FC,2007,-12,1995
2006-03-12,Real Betis,1929,-5,1924,Málaga CF,1836,5,1841
2006-03-12,Athletic Bilbao,1890,6,1896,Cádiz CF,1840,-6,1834
2006-03-11,Valencia CF,2077,-2,2075,Real Madrid,2100,2,2102
2006-03-11,Espanyol Barcelona,1913,12,1925,Celta Vigo,1933,-12,1921
2006-03-11,Deportivo La Coruña,1981,-16,1965,Real Sociedad,1840,16,1856
2006-03-05,Málaga CF,1832,4,1836,Valencia CF,2081,-4,2077
2006-03-05,Sevilla FC,2012,4,2016,Athletic Bilbao,1894,-4,1890
2006-03-05,Celta Vigo,1921,12,1933,CA Osasuna,1953,-12,1941
2006-03-05,Real Sociedad,1854,-14,1840,Real Zaragoza,1985,14,1999
2006-03-05,Getafe CF,1898,8,1906,Real Betis,1934,-8,1926
2006-03-05,Racing Santander,1872,-3,1869,RCD Mallorca,1876,3,1879
2006-03-04,FC Barcelona,2237,2,2239,Deportivo La Coruña,1983,-2,1981
2006-03-04,Real Madrid,2090,5,2095,Atlético Madrid,2010,-5,2005
2006-03-04,Villarreal CF,2037,3,2040,CD Alavés,1827,-3,1824
2006-03-04,Cádiz CF,1825,15,1840,Espanyol Barcelona,1928,-15,1913
2006-02-26,Valencia CF,2088,-7,2081,Getafe CF,1891,7,1898
2006-02-26,RCD Mallorca,1862,14,1876,Real Madrid,2104,-14,2090
2006-02-26,Espanyol Barcelona,1907,21,1928,Sevilla FC,2033,-21,2012
2006-02-26,CA Osasuna,1966,-13,1953,Deportivo La Coruña,1970,13,1983
2006-02-26,Athletic Bilbao,1893,1,1894,Villarreal CF,2038,-1,2037
2006-02-26,Real Betis,1926,8,1934,Real Sociedad,1862,-8,1854
2006-02-26,Celta Vigo,1913,8,1921,Cádiz CF,1833,-8,1825
2006-02-26,CD Alavés,1829,-2,1827,Racing Santander,1870,2,1872
2006-02-25,Real Zaragoza,1994,-9,1985,FC Barcelona,2228,9,2237
2006-02-25,Atlético Madrid,2003,7,2010,Málaga CF,1839,-7,1832
2006-02-19,Deportivo La Coruña,1972,-2,1970,Real Zaragoza,1992,2,1994
2006-02-19,Real Sociedad,1869,-7,1862,Valencia CF,2081,7,2088
2006-02-19,Getafe CF,1910,-19,1891,Atlético Madrid,1984,19,2003
2006-02-19,Cádiz CF,1848,-15,1833,CA Osasuna,1951,15,1966
2006-02-19,Racing Santander,1883,-13,1870,Athletic Bilbao,1880,13,1893
2006-02-19,Málaga CF,1859,-20,1839,RCD Mallorca,1842,20,1862
2006-02-18,FC Barcelona,2204,4,2208,Real Betis,1939,-4,1935
2006-02-18,Villarreal CF,2032,9,2041,Espanyol Barcelona,1937,-9,1928
2006-02-18,Real Madrid,2122,3,2125,CD Alavés,1832,-3,1829
2006-02-18,Sevilla FC,2020,5,2025,Celta Vigo,1918,-5,1913
2006-02-12,Valencia CF,2070,11,2081,FC Barcelona,2215,-11,2204
2006-02-12,Celta Vigo,1907,11,1918,Villarreal CF,2043,-11,2032
2006-02-12,Real Betis,1935,-12,1923,Deportivo La Coruña,1960,12,1972
2006-02-12,Atlético Madrid,1979,5,1984,Real Sociedad,1874,-5,1869
2006-02-12,Espanyol Barcelona,1966,-23,1943,Racing Santander,1860,23,1883
2006-02-12,RCD Mallorca,1843,-1,1842,Getafe CF,1909,1,1910
2006-02-12,CD Alavés,1824,8,1832,Málaga CF,1867,-8,1859
2006-02-11,Athletic Bilbao,1890,-10,1880,Real Madrid,2103,10,2113
2006-02-11,CA Osasuna,1952,-1,1951,Real Zaragoza,2000,1,2001
2006-02-11,Cádiz CF,1866,-18,1848,Sevilla FC,1989,18,2007
2006-02-05,FC Barcelona,2242,-27,2215,Atlético Madrid,1952,27,1979
2006-02-05,Sevilla FC,2003,-14,1989,CA Osasuna,1938,14,1952
2006-02-05,Real Zaragoza,1971,6,1977,Real Betis,1941,-6,1935
2006-02-05,Villarreal CF,2050,-7,2043,Cádiz CF,1859,7,1866
2006-02-05,Racing Santander,1872,-12,1860,Celta Vigo,1895,12,1907
2006-02-05,Getafe CF,1914,-5,1909,CD Alavés,1819,5,1824
2006-02-05,Real Sociedad,1867,7,1874,RCD Mallorca,1850,-7,1843
2006-02-04,Real Madrid,2119,7,2126,Espanyol Barcelona,1966,-7,1959
2006-02-04,Deportivo La Coruña,1978,-11,1967,Valencia CF,2059,11,2070
2006-02-04,Málaga CF,1859,8,1867,Athletic Bilbao,1898,-8,1890
2006-01-29,RCD Mallorca,1856,-6,1850,FC Barcelona,2234,6,2240
2006-01-29,Sevilla FC,1989,14,2003,Villarreal CF,2064,-14,2050
2006-01-29,Valencia CF,2069,-5,2064,Real Zaragoza,1968,5,1973
2006-01-29,Celta Vigo,1902,-7,1895,Real Madrid,2112,7,2119
2006-01-29,CA Osasuna,1959,-21,1938,Real Betis,1920,21,1941
2006-01-29,Espanyol Barcelona,1959,7,1966,Málaga CF,1866,-7,1859
2006-01-29,CD Alavés,1805,14,1819,Real Sociedad,1881,-14,1867
2006-01-28,Atlético Madrid,1944,8,1952,Deportivo La Coruña,1981,-8,1973
2006-01-28,Athletic Bilbao,1890,8,1898,Getafe CF,1922,-8,1914
2006-01-28,Cádiz CF,1862,-3,1859,Racing Santander,1869,3,1872
2006-01-22,FC Barcelona,2256,1,2257,CD Alavés,1806,-1,1805
2006-01-22,Villarreal CF,2059,5,2064,CA Osasuna,1964,-5,1959
2006-01-22,Real Betis,1937,-14,1923,Valencia CF,2055,14,2069
2006-01-22,Getafe CF,1904,18,1922,Espanyol Barcelona,1969,-18,1951
2006-01-22,Racing Santander,1879,-10,1869,Sevilla FC,1979,10,1989
2006-01-22,Deportivo La Coruña,1987,-6,1981,RCD Mallorca,1850,6,1856
2006-01-22,Real Sociedad,1884,-3,1881,Athletic Bilbao,1887,3,1890
2006-01-22,Málaga CF,1885,-19,1866,Celta Vigo,1883,19,1902
2006-01-21,Real Madrid,2105,4,2109,Cádiz CF,1874,-4,1870
2006-01-21,Real Zaragoza,1966,-21,1945,Atlético Madrid,1923,21,1944
2006-01-15,FC Barcelona,2255,1,2256,Athletic Bilbao,1888,-1,1887
2006-01-15,Real Madrid,2089,7,2096,Sevilla FC,1986,-7,1979
2006-01-15,Racing Santander,1866,13,1879,Villarreal CF,2072,-13,2059
2006-01-15,Real Sociedad,1896,-12,1884,Espanyol Barcelona,1940,12,1952
2006-01-15,Real Zaragoza,1963,7,1970,RCD Mallorca,1857,-7,1850
2006-01-15,Getafe CF,1908,-4,1904,Celta Vigo,1879,4,1883
2006-01-15,Deportivo La Coruña,2003,-26,1977,CD Alavés,1780,26,1806
2006-01-15,Málaga CF,1906,-21,1885,Cádiz CF,1870,21,1891
2006-01-14,Valencia CF,2057,8,2065,CA Osasuna,1972,-8,1964
2006-01-14,Real Betis,1939,7,1946,Atlético Madrid,1926,-7,1919
2006-01-08,Villarreal CF,2083,-3,2080,Real Madrid,2080,3,2083
2006-01-08,Atlético Madrid,1939,0,1939,Valencia CF,2049,0,2049
2006-01-08,Sevilla FC,1984,8,1992,Málaga CF,1914,-8,1906
2006-01-08,CA Osasuna,1968,-5,1963,Racing Santander,1861,5,1866
2006-01-08,RCD Mallorca,1857,0,1857,Real Betis,1943,0,1943
2006-01-08,Celta Vigo,1867,8,1875,Real Sociedad,1904,-8,1896
2006-01-08,Cádiz CF,1855,9,1864,Getafe CF,1913,-9,1904
2006-01-08,CD Alavés,1793,-13,1780,Real Zaragoza,1937,13,1950
2006-01-07,Espanyol Barcelona,1949,-5,1944,FC Barcelona,2250,5,2255
2006-01-07,Athletic Bilbao,1904,-10,1894,Deportivo La Coruña,2002,10,2012
2005-12-22,CA Osasuna,1974,6,1980,Atlético Madrid,1945,-6,1939
2005-12-21,Málaga CF,1911,3,1914,Villarreal CF,2108,-3,2105
2005-12-21,Real Madrid,2090,-18,2072,Racing Santander,1843,18,1861
2005-12-21,Deportivo La Coruña,2005,-15,1990,Espanyol Barcelona,1922,15,1937
2005-12-21,Getafe CF,1915,10,1925,Sevilla FC,2005,-10,1995
2005-12-21,Valencia CF,2021,6,2027,RCD Mallorca,1863,-6,1857
2005-12-21,Real Zaragoza,1930,7,1937,Athletic Bilbao,1919,-7,1912
2005-12-21,Real Sociedad,1895,9,1904,Cádiz CF,1853,-9,1844
2005-12-21,Real Betis,1935,7,1942,CD Alavés,1800,-7,1793
2005-12-20,FC Barcelona,2248,2,2250,Celta Vigo,1870,-2,1868
2005-12-18,Real Madrid,2096,-6,2090,CA Osasuna,1968,6,1974
2005-12-18,Villarreal CF,2105,3,2108,Getafe CF,1918,-3,1915
2005-12-18,Sevilla FC,2000,5,2005,Real Sociedad,1900,-5,1895
2005-12-18,Espanyol Barcelona,1925,-3,1922,Real Zaragoza,1927,3,1930
2005-12-18,CD Alavés,1807,-7,1800,Valencia CF,2014,7,2021
2005-12-18,RCD Mallorca,1864,-1,1863,Atlético Madrid,1944,1,1945
2005-12-18,Racing Santander,1844,-1,1843,Málaga CF,1910,1,1911
2005-12-17,Cádiz CF,1858,-5,1853,FC Barcelona,2243,5,2248
2005-12-17,Celta Vigo,1888,-18,1870,Deportivo La Coruña,1987,18,2005
2005-12-17,Athletic Bilbao,1906,13,1919,Real Betis,1948,-13,1935
2005-12-11,FC Barcelona,2241,2,2243,Sevilla FC,1998,-2,1996
2005-12-11,Málaga CF,1922,-12,1910,Real Madrid,2084,12,2096
2005-12-11,Real Betis,1952,-4,1948,Espanyol Barcelona,1918,4,1922
2005-12-11,Deportivo La Coruña,1983,4,1987,Cádiz CF,1862,-4,1858
2005-12-11,CA Osasuna,1963,5,1968,RCD Mallorca,1869,-5,1864
2005-12-11,Real Zaragoza,1920,7,1927,Celta Vigo,1895,-7,1888
2005-12-11,Getafe CF,1933,-15,1918,Racing Santander,1829,15,1844
2005-12-11,Atlético Madrid,1950,-6,1944,CD Alavés,1801,6,1807
2005-12-10,Real Sociedad,1911,-11,1900,Villarreal CF,2094,11,2105
2005-12-10,Valencia CF,2020,-6,2014,Athletic Bilbao,1900,6,1906
2005-12-04,Villarreal CF,2102,-14,2088,FC Barcelona,2215,14,2229
2005-12-04,Sevilla FC,2019,-21,1998,Deportivo La Coruña,1962,21,1983
2005-12-04,Espanyol Barcelona,1934,-16,1918,Valencia CF,2004,16,2020
2005-12-04,Málaga CF,1934,-12,1922,CA Osasuna,1951,12,1963
2005-12-04,Cádiz CF,1874,-12,1862,Real Zaragoza,1908,12,1920
2005-12-04,Racing Santander,1830,-1,1829,Real Sociedad,1910,1,1911
2005-12-04,CD Alavés,1822,-21,1801,RCD Mallorca,1848,21,1869
2005-12-03,Real Madrid,2098,4,2102,Getafe CF,1937,-4,1933
2005-12-03,Celta Vigo,1885,10,1895,Real Betis,1984,-10,1974
2005-12-03,Athletic Bilbao,1901,-1,1900,Atlético Madrid,1949,1,1950
2005-11-27,Deportivo La Coruña,1977,-15,1962,Villarreal CF,2087,15,2102
2005-11-27,FC Barcelona,2213,2,2215,Racing Santander,1832,-2,1830
2005-11-27,Real Sociedad,1907,3,1910,Real Madrid,2101,-3,2098
2005-11-27,Real Zaragoza,1924,-16,1908,Sevilla FC,1999,16,2015
2005-11-27,Atlético Madrid,1943,-3,1940,Espanyol Barcelona,1932,3,1935
2005-11-27,Getafe CF,1930,7,1937,Málaga CF,1941,-7,1934
2005-11-27,Real Betis,1990,-6,1984,Cádiz CF,1868,6,1874
2005-11-27,CA Osasuna,1947,4,1951,CD Alavés,1826,-4,1822
2005-11-26,Valencia CF,1997,7,2004,Celta Vigo,1892,-7,1885
2005-11-26,RCD Mallorca,1860,-12,1848,Athletic Bilbao,1889,12,1901
2005-11-20,Cádiz CF,1878,-10,1868,Valencia CF,1987,10,1997
2005-11-20,Málaga CF,1931,10,1941,Real Sociedad,1917,-10,1907
2005-11-20,Celta Vigo,1883,9,1892,Atlético Madrid,1952,-9,1943
2005-11-20,Racing Santander,1849,-17,1832,Deportivo La Coruña,1960,17,1977
2005-11-20,Espanyol Barcelona,1928,9,1937,RCD Mallorca,1869,-9,1860
2005-11-20,Athletic Bilbao,1912,-23,1889,CD Alavés,1803,23,1826
2005-11-19,Real Madrid,2121,-19,2102,FC Barcelona,2185,19,2204
2005-11-19,Villarreal CF,2088,-7,2081,Real Zaragoza,1917,7,1924
2005-11-19,Sevilla FC,2007,7,2014,Real Betis,1988,-7,1981
2005-11-19,Getafe CF,1933,-3,1930,CA Osasuna,1944,3,1947
2005-11-06,Getafe CF,1934,-9,1925,FC Barcelona,2176,9,2185
2005-11-06,Real Madrid,2118,3,2121,Real Zaragoza,1920,-3,1917
2005-11-06,Sevilla FC,2011,-4,2007,Atlético Madrid,1948,4,1952
2005-11-06,Málaga CF,1933,-2,1931,Deportivo La Coruña,1958,2,1960
2005-11-06,Racing Santander,1848,1,1849,Real Betis,1989,-1,1988
2005-11-06,Cádiz CF,1880,-13,1867,RCD Mallorca,1856,13,1869
2005-11-06,Celta Vigo,1878,5,1883,CD Alavés,1808,-5,1803
2005-11-05,Villarreal CF,2083,5,2088,Valencia CF,1992,-5,1987
2005-11-05,Real Sociedad,1930,-13,1917,CA Osasuna,1931,13,1944
2005-11-05,Espanyol Barcelona,1932,-4,1928,Athletic Bilbao,1897,4,1901
2005-10-30,FC Barcelona,2163,5,2168,Real Sociedad,1935,-5,1930
2005-10-30,Atlético Madrid,1947,1,1948,Villarreal CF,2071,-1,2070
2005-10-30,Deportivo La Coruña,1951,7,1958,Getafe CF,1941,-7,1934
2005-10-30,CA Osasuna,1919,12,1931,Espanyol Barcelona,1944,-12,1932
2005-10-30,RCD Mallorca,1855,1,1856,Sevilla FC,2005,-1,2004
2005-10-30,Real Zaragoza,1923,-3,1920,Málaga CF,1930,3,1933
2005-10-30,Valencia CF,1998,-6,1992,Racing Santander,1842,6,1848
2005-10-30,CD Alavés,1809,-1,1808,Cádiz CF,1879,1,1880
2005-10-29,Real Betis,1980,-14,1966,Real Madrid,2096,14,2110
2005-10-29,Athletic Bilbao,1901,-4,1897,Celta Vigo,1874,4,1878
2005-10-27,Valencia CF,2018,-20,1998,Sevilla FC,1985,20,2005
2005-10-27,Real Sociedad,1921,14,1935,Getafe CF,1955,-14,1941
2005-10-27,Atlético Madrid,1936,11,1947,Cádiz CF,1890,-11,1879
2005-10-27,Real Zaragoza,1928,-5,1923,Racing Santander,1837,5,1842
2005-10-27,CD Alavés,1808,1,1809,Espanyol Barcelona,1945,-1,1944
2005-10-26,FC Barcelona,2159,4,2163,Málaga CF,1934,-4,1930
2005-10-26,Real Betis,1991,-11,1980,Villarreal CF,2060,11,2071
2005-10-26,Deportivo La Coruña,1933,18,1951,Real Madrid,2114,-18,2096
2005-10-26,CA Osasuna,1912,7,1919,Athletic Bilbao,1908,-7,1901
2005-10-26,RCD Mallorca,1847,8,1855,Celta Vigo,1882,-8,1874
2005-10-23,Real Madrid,2130,-16,2114,Valencia CF,2002,16,2018
2005-10-23,Málaga CF,1914,20,1934,Real Betis,2011,-20,1991
2005-10-23,Villarreal CF,2055,5,2060,RCD Mallorca,1852,-5,1847
2005-10-23,Getafe CF,1942,13,1955,Real Zaragoza,1941,-13,1928
2005-10-23,Real Sociedad,1909,12,1921,Deportivo La Coruña,1945,-12,1933
2005-10-23,Celta Vigo,1872,10,1882,Espanyol Barcelona,1955,-10,1945
2005-10-23,Cádiz CF,1882,8,1890,Athletic Bilbao,1916,-8,1908
2005-10-23,Racing Santander,1848,-11,1837,Atlético Madrid,1925,11,1936
2005-10-22,FC Barcelona,2155,4,2159,CA Osasuna,1916,-4,1912
2005-10-22,Sevilla FC,1980,5,1985,CD Alavés,1813,-5,1808
2005-10-16,Real Betis,2011,6,2017,Getafe CF,1943,-6,1937
2005-10-16,Valencia CF,1997,5,2002,Málaga CF,1919,-5,1914
2005-10-16,Athletic Bilbao,1921,-12,1909,Sevilla FC,1968,12,1980
2005-10-16,Real Zaragoza,1960,-14,1946,Real Sociedad,1895,14,1909
2005-10-16,Espanyol Barcelona,1963,-23,1940,Cádiz CF,1843,23,1866
2005-10-16,CA Osasuna,1906,10,1916,Celta Vigo,1882,-10,1872
2005-10-16,RCD Mallorca,1872,-3,1869,Racing Santander,1858,3,1861
2005-10-15,Deportivo La Coruña,1942,3,1945,FC Barcelona,2163,-3,2160
2005-10-15,Atlético Madrid,1934,-14,1920,Real Madrid,2113,14,2127
2005-10-15,CD Alavés,1818,4,1822,Villarreal CF,2069,-4,2065
2005-10-02,Villarreal CF,2063,6,2069,Athletic Bilbao,1927,-6,1921
2005-10-02,Real Madrid,2108,5,2113,RCD Mallorca,1877,-5,1872
2005-10-02,Sevilla FC,1971,-3,1968,Espanyol Barcelona,1960,3,1963
2005-10-02,Real Sociedad,1894,1,1895,Real Betis,2012,-1,2011
2005-10-02,Málaga CF,1939,-20,1919,Atlético Madrid,1914,20,1934
2005-10-02,Deportivo La Coruña,1956,-14,1942,CA Osasuna,1892,14,1906
2005-10-02,Cádiz CF,1845,-2,1843,Celta Vigo,1880,2,1882
2005-10-02,Racing Santander,1872,-14,1858,CD Alavés,1804,14,1818
2005-10-01,FC Barcelona,2170,-7,2163,Real Zaragoza,1953,7,1960
2005-10-01,Getafe CF,1934,9,1943,Valencia CF,2006,-9,1997
2005-09-25,CD Alavés,1813,-9,1804,Real Madrid,2093,9,2102
2005-09-25,Celta Vigo,1870,10,1880,Sevilla FC,1963,-10,1953
2005-09-25,RCD Mallorca,1898,-21,1877,Málaga CF,1918,21,1939
2005-09-25,Athletic Bilbao,1931,-4,1927,Racing Santander,1868,4,1872
2005-09-25,CA Osasuna,1886,10,1896,Cádiz CF,1855,-10,1845
2005-09-24,Real Betis,2010,-16,1994,FC Barcelona,2146,16,2162
2005-09-24,Espanyol Barcelona,1964,-10,1954,Villarreal CF,2055,10,2065
2005-09-24,Real Zaragoza,1956,-3,1953,Deportivo La Coruña,1953,3,1956
2005-09-24,Valencia CF,2001,5,2006,Real Sociedad,1899,-5,1894
2005-09-24,Atlético Madrid,1927,-13,1914,Getafe CF,1921,13,1934
2005-09-22,Real Madrid,2087,6,2093,Athletic Bilbao,1937,-6,1931
2005-09-21,FC Barcelona,2152,-6,2146,Valencia CF,1995,6,2001
2005-09-21,Deportivo La Coruña,1954,-1,1953,Real Betis,2009,1,2010
2005-09-21,Villarreal CF,2072,-17,2055,Celta Vigo,1853,17,1870
2005-09-21,Real Zaragoza,1947,9,1956,CA Osasuna,1895,-9,1886
2005-09-21,Racing Santander,1858,10,1868,Espanyol Barcelona,1974,-10,1964
2005-09-21,Real Sociedad,1891,8,1899,Atlético Madrid,1935,-8,1927
2005-09-21,Getafe CF,1925,-4,1921,RCD Mallorca,1894,4,1898
2005-09-21,Sevilla FC,1969,-6,1963,Cádiz CF,1849,6,1855
2005-09-21,Málaga CF,1924,-6,1918,CD Alavés,1807,6,1813
2005-09-18,Atlético Madrid,1921,14,1935,FC Barcelona,2166,-14,2152
2005-09-18,Espanyol Barcelona,1963,11,1974,Real Madrid,2098,-11,2087
2005-09-18,Real Betis,2014,-5,2009,Real Zaragoza,1942,5,1947
2005-09-18,Cádiz CF,1845,4,1849,Villarreal CF,2076,-4,2072
2005-09-18,CA Osasuna,1885,10,1895,Sevilla FC,1979,-10,1969
2005-09-18,Athletic Bilbao,1951,-14,1937,Málaga CF,1910,14,1924
2005-09-18,CD Alavés,1817,-10,1807,Getafe CF,1915,10,1925
2005-09-18,Celta Vigo,1866,-13,1853,Racing Santander,1845,13,1858
2005-09-17,Valencia CF,1999,-4,1995,Deportivo La Coruña,1950,4,1954
2005-09-17,RCD Mallorca,1880,14,1894,Real Sociedad,1905,-14,1891
2005-09-11,Villarreal CF,2081,-5,2076,Sevilla FC,1982,5,1987
2005-09-11,FC Barcelona,2139,3,2142,RCD Mallorca,1883,-3,1880
2005-09-11,Real Zaragoza,1943,-1,1942,Valencia CF,1998,1,1999
2005-09-11,Málaga CF,1922,-12,1910,Espanyol Barcelona,1955,12,1967
2005-09-11,Getafe CF,1917,-2,1915,Athletic Bilbao,1949,2,1951
2005-09-11,Real Sociedad,1900,5,1905,CD Alavés,1822,-5,1817
2005-09-11,Racing Santander,1858,-13,1845,Cádiz CF,1832,13,1845
2005-09-10,Real Madrid,2134,-18,2116,Celta Vigo,1848,18,1866
2005-09-10,Real Betis,2027,4,2031,CA Osasuna,1905,-4,1901
2005-09-10,Deportivo La Coruña,1943,7,1950,Atlético Madrid,1928,-7,1921
2005-08-28,CA Osasuna,1892,13,1905,Villarreal CF,2094,-13,2081
2005-08-28,Cádiz CF,1837,-5,1832,Real Madrid,2129,5,2134
2005-08-28,Espanyol Barcelona,1977,-22,1955,Getafe CF,1895,22,1917
2005-08-28,Atlético Madrid,1931,-3,1928,Real Zaragoza,1940,3,1943
2005-08-28,Sevilla FC,1978,4,1982,Racing Santander,1862,-4,1858
2005-08-28,RCD Mallorca,1895,-12,1883,Deportivo La Coruña,1931,12,1943
2005-08-28,Celta Vigo,1833,15,1848,Málaga CF,1937,-15,1922
2005-08-27,Valencia CF,1990,8,1998,Real Betis,2035,-8,2027
2005-08-27,CD Alavés,1816,6,1822,FC Barcelona,2145,-6,2139
2005-08-27,Athletic Bilbao,1938,11,1949,Real Sociedad,1911,-11,1900
2007-06-17,Sevilla FC,2145,-16,2129,Villarreal CF,2011,16,2027
2007-06-17,Real Madrid,2122,5,2127,RCD Mallorca,1940,-5,1935
2007-06-17,CA Osasuna,2008,-14,1994,Atlético Madrid,1968,14,1982
2007-06-17,Recreativo Huelva,1942,-2,1940,Real Zaragoza,1989,2,1991
2007-06-17,Gimnàstic,1774,-6,1768,FC Barcelona,2150,6,2156
2007-06-17,Espanyol Barcelona,2020,-24,1996,Deportivo La Coruña,1893,24,1917
2007-06-17,Valencia CF,2045,-7,2038,Real Sociedad,1862,7,1869
2007-06-17,Celta Vigo,1859,11,1870,Getafe CF,1996,-11,1985
2007-06-17,Racing Santander,1922,-21,1901,Real Betis,1874,21,1895
2007-06-17,Athletic Bilbao,1880,10,1890,Levante UD,1871,-10,1861
2007-06-10,Deportivo La Coruña,1915,-22,1893,Recreativo Huelva,1920,22,1942
2007-06-10,Getafe CF,2014,-18,1996,Gimnàstic,1756,18,1774
2007-06-09,FC Barcelona,2156,-6,2150,Espanyol Barcelona,2014,6,2020
2007-06-09,Real Zaragoza,1988,1,1989,Real Madrid,2123,-1,2122
2007-06-09,RCD Mallorca,1937,3,1940,Sevilla FC,2148,-3,2145
2007-06-09,Levante UD,1851,20,1871,Valencia CF,2065,-20,2045
2007-06-09,Villarreal CF,2004,7,2011,Athletic Bilbao,1887,-7,1880
2007-06-09,Real Betis,1894,-20,1874,CA Osasuna,1988,20,2008
2007-06-09,Atlético Madrid,1984,-16,1968,Celta Vigo,1843,16,1859
2007-06-09,Real Sociedad,1863,-1,1862,Racing Santander,1921,1,1922
2007-05-27,Sevilla FC,2142,6,2148,Real Zaragoza,1994,-6,1988
2007-05-27,Recreativo Huelva,1931,-11,1920,Espanyol Barcelona,2003,11,2014
2007-05-27,CA Osasuna,1981,7,1988,Real Sociedad,1870,-7,1863
2007-05-27,Athletic Bilbao,1878,9,1887,RCD Mallorca,1946,-9,1937
2007-05-27,Racing Santander,1936,-15,1921,Levante UD,1836,15,1851
2007-05-27,Gimnàstic,1766,-10,1756,Atlético Madrid,1974,10,1984
2007-05-27,Celta Vigo,1834,9,1843,Real Betis,1903,-9,1894
2007-05-26,FC Barcelona,2152,4,2156,Getafe CF,2018,-4,2014
2007-05-26,Valencia CF,2080,-15,2065,Villarreal CF,1989,15,2004
2007-05-26,Real Madrid,2118,5,2123,Deportivo La Coruña,1920,-5,1915
2007-05-20,Atlético Madrid,1993,-19,1974,FC Barcelona,2133,19,2152
2007-05-20,Deportivo La Coruña,1927,-7,1920,Sevilla FC,2135,7,2142
2007-05-20,Recreativo Huelva,1939,-8,1931,Real Madrid,2110,8,2118
2007-05-20,Espanyol Barcelona,2029,-26,2003,Getafe CF,1992,26,2018
2007-05-20,Villarreal CF,1983,6,1989,Racing Santander,1942,-6,1936
2007-05-20,Levante UD,1853,-17,1836,CA Osasuna,1964,17,1981
2007-05-20,Real Sociedad,1860,10,1870,Celta Vigo,1844,-10,1834
2007-05-19,RCD Mallorca,1956,-10,1946,Valencia CF,2070,10,2080
2007-05-19,Real Zaragoza,1989,5,1994,Athletic Bilbao,1883,-5,1878
2007-05-19,Real Betis,1909,-6,1903,Gimnàstic,1760,6,1766
2007-05-13,Valencia CF,2062,8,2070,Real Zaragoza,1997,-8,1989
2007-05-13,FC Barcelona,2141,-8,2133,Real Betis,1901,8,1909
2007-05-13,Getafe CF,2017,-25,1992,Atlético Madrid,1968,25,1993
2007-05-13,CA Osasuna,1988,-24,1964,Villarreal CF,1959,24,1983
2007-05-13,Racing Santander,1962,-20,1942,RCD Mallorca,1936,20,1956
2007-05-13,Athletic Bilbao,1885,-2,1883,Deportivo La Coruña,1925,2,1927
2007-05-13,Celta Vigo,1857,-13,1844,Levante UD,1840,13,1853
2007-05-13,Gimnàstic,1776,-16,1760,Real Sociedad,1844,16,1860
2007-05-12,Real Madrid,2105,5,2110,Espanyol Barcelona,2030,-5,2025
2007-05-12,Sevilla FC,2136,3,2139,Recreativo Huelva,1942,-3,1939
2007-05-06,Real Madrid,2097,8,2105,Sevilla FC,2140,-8,2132
2007-05-06,Espanyol Barcelona,2024,6,2030,Atlético Madrid,1974,-6,1968
2007-05-06,Real Zaragoza,2001,-4,1997,Racing Santander,1958,4,1962
2007-05-06,RCD Mallorca,1922,14,1936,CA Osasuna,2002,-14,1988
2007-05-06,Real Betis,1918,-17,1901,Getafe CF,1978,17,1995
2007-05-06,Recreativo Huelva,1946,-4,1942,Athletic Bilbao,1881,4,1885
2007-05-06,Villarreal CF,1954,5,1959,Celta Vigo,1862,-5,1857
2007-05-06,Levante UD,1831,9,1840,Gimnàstic,1785,-9,1776
2007-05-05,Real Sociedad,1851,-7,1844,FC Barcelona,2156,7,2163
2007-05-05,Deportivo La Coruña,1939,-10,1929,Valencia CF,2052,10,2062
2007-04-29,Sevilla FC,2125,7,2132,Espanyol Barcelona,2013,-7,2006
2007-04-29,CA Osasuna,2013,-3,2010,Real Zaragoza,1998,3,2001
2007-04-29,FC Barcelona,2154,2,2156,Levante UD,1833,-2,1831
2007-04-29,Athletic Bilbao,1894,-13,1881,Real Madrid,2084,13,2097
2007-04-29,Racing Santander,1961,-3,1958,Deportivo La Coruña,1936,3,1939
2007-04-29,Getafe CF,1974,4,1978,Real Sociedad,1855,-4,1851
2007-04-29,Celta Vigo,1884,-22,1862,RCD Mallorca,1900,22,1922
2007-04-29,Gimnàstic,1801,-16,1785,Villarreal CF,1938,16,1954
2007-04-28,Valencia CF,2045,7,2052,Recreativo Huelva,1953,-7,1946
2007-04-28,Atlético Madrid,1978,-4,1974,Real Betis,1914,4,1918
2007-04-22,Villarreal CF,1917,21,1938,FC Barcelona,2175,-21,2154
2007-04-22,Sevilla FC,2135,4,2139,Athletic Bilbao,1898,-4,1894
2007-04-22,Deportivo La Coruña,1926,10,1936,CA Osasuna,2009,-10,1999
2007-04-22,Recreativo Huelva,1941,12,1953,Racing Santander,1973,-12,1961
2007-04-22,Espanyol Barcelona,1995,-5,1990,Real Betis,1909,5,1914
2007-04-22,Real Zaragoza,1991,7,1998,Celta Vigo,1891,-7,1884
2007-04-22,Levante UD,1832,1,1833,Getafe CF,1975,-1,1974
2007-04-22,RCD Mallorca,1895,5,1900,Gimnàstic,1806,-5,1801
2007-04-21,Real Madrid,2077,7,2084,Valencia CF,2052,-7,2045
2007-04-21,Real Sociedad,1838,17,1855,Atlético Madrid,1995,-17,1978
2007-04-15,Valencia CF,2037,15,2052,Sevilla FC,2137,-15,2122
2007-04-15,FC Barcelona,2167,2,2169,RCD Mallorca,1897,-2,1895
2007-04-15,CA Osasuna,2014,-5,2009,Recreativo Huelva,1936,5,1941
2007-04-15,Getafe CF,1970,11,1981,Villarreal CF,1928,-11,1917
2007-04-15,Athletic Bilbao,1888,10,1898,Espanyol Barcelona,2005,-10,1995
2007-04-15,Celta Vigo,1882,9,1891,Deportivo La Coruña,1948,-9,1939
2007-04-15,Atlético Madrid,1991,4,1995,Levante UD,1836,-4,1832
2007-04-15,Gimnàstic,1793,13,1806,Real Zaragoza,2004,-13,1991
2007-04-14,Racing Santander,1962,11,1973,Real Madrid,2088,-11,2077
2007-04-14,Real Betis,1924,-15,1909,Real Sociedad,1823,15,1838
2007-04-08,Sevilla FC,2144,-7,2137,Racing Santander,1955,7,1962
2007-04-08,Real Madrid,2080,8,2088,CA Osasuna,2015,-8,2007
2007-04-08,Villarreal CF,1940,-12,1928,Atlético Madrid,1979,12,1991
2007-04-08,RCD Mallorca,1882,15,1897,Getafe CF,1985,-15,1970
2007-04-08,Espanyol Barcelona,2000,3,2003,Real Sociedad,1826,-3,1823
2007-04-08,Recreativo Huelva,1927,9,1936,Celta Vigo,1891,-9,1882
2007-04-08,Levante UD,1836,0,1836,Real Betis,1924,0,1924
2007-04-08,Deportivo La Coruña,1944,4,1948,Gimnàstic,1797,-4,1793
2007-04-07,Real Zaragoza,1991,13,2004,FC Barcelona,2180,-13,2167
2007-04-07,Athletic Bilbao,1876,12,1888,Valencia CF,2060,-12,2048
2007-04-01,CA Osasuna,1984,2,1986,Sevilla FC,2140,-2,2138
2007-04-01,Getafe CF,1988,-3,1985,Real Zaragoza,1988,3,1991
2007-04-01,Celta Vigo,1899,-8,1891,Real Madrid,2072,8,2080
2007-04-01,Atlético Madrid,1984,-5,1979,RCD Mallorca,1877,5,1882
2007-04-01,Racing Santander,1949,6,1955,Athletic Bilbao,1882,-6,1876
2007-04-01,Gimnàstic,1796,1,1797,Recreativo Huelva,1928,-1,1927
2007-03-31,FC Barcelona,2177,3,2180,Deportivo La Coruña,1947,-3,1944
2007-03-31,Valencia CF,2044,6,2050,Espanyol Barcelona,1997,-6,1991
2007-03-31,Real Betis,1927,-3,1924,Villarreal CF,1937,3,1940
2007-03-31,Real Sociedad,1818,8,1826,Levante UD,1844,-8,1836
2007-03-18,Sevilla FC,2129,4,2133,Celta Vigo,1903,-4,1899
2007-03-18,Real Zaragoza,1980,8,1988,Atlético Madrid,1992,-8,1984
2007-03-18,Deportivo La Coruña,1938,9,1947,Getafe CF,1997,-9,1988
2007-03-18,Real Madrid,2069,3,2072,Gimnàstic,1799,-3,1796
2007-03-18,Espanyol Barcelona,2003,-6,1997,Levante UD,1838,6,1844
2007-03-18,Villarreal CF,1943,-6,1937,Real Sociedad,1812,6,1818
2007-03-17,Recreativo Huelva,1940,-12,1928,FC Barcelona,2165,12,2177
2007-03-17,Valencia CF,2068,-24,2044,Racing Santander,1925,24,1949
2007-03-17,Athletic Bilbao,1901,-19,1882,CA Osasuna,1965,19,1984
2007-03-17,RCD Mallorca,1863,14,1877,Real Betis,1948,-14,1934
2007-03-11,CA Osasuna,1957,0,1957,Valencia CF,2068,0,2068
2007-03-11,Getafe CF,2001,-4,1997,Recreativo Huelva,1936,4,1940
2007-03-11,Atlético Madrid,1983,9,1992,Deportivo La Coruña,1947,-9,1938
2007-03-11,Real Betis,1950,-2,1948,Real Zaragoza,1978,2,1980
2007-03-11,Racing Santander,1926,-1,1925,Espanyol Barcelona,1997,1,1998
2007-03-11,Gimnàstic,1783,16,1799,Sevilla FC,2132,-16,2116
2007-03-11,Celta Vigo,1913,-3,1910,Athletic Bilbao,1898,3,1901
2007-03-11,Real Sociedad,1798,14,1812,RCD Mallorca,1877,-14,1863
2007-03-10,FC Barcelona,2170,-5,2165,Real Madrid,2064,5,2069
2007-03-10,Levante UD,1854,-16,1838,Villarreal CF,1927,16,1943
2007-03-04,Real Madrid,2081,-5,2076,Getafe CF,1996,5,2001
2007-03-04,Espanyol Barcelona,2008,-5,2003,Villarreal CF,1922,5,1927
2007-03-04,Recreativo Huelva,1927,9,1936,Atlético Madrid,1992,-9,1983
2007-03-04,Deportivo La Coruña,1960,-13,1947,Real Betis,1937,13,1950
2007-03-04,Racing Santander,1917,9,1926,CA Osasuna,1965,-9,1956
2007-03-04,Real Zaragoza,1975,3,1978,Real Sociedad,1801,-3,1798
2007-03-04,RCD Mallorca,1866,11,1877,Levante UD,1865,-11,1854
2007-03-04,Athletic Bilbao,1923,-25,1898,Gimnàstic,1758,25,1783
2007-03-03,Sevilla FC,2131,8,2139,FC Barcelona,2160,-8,2152
2007-03-03,Valencia CF,2063,4,2067,Celta Vigo,1928,-4,1924
2007-02-25,Getafe CF,2004,1,2005,Sevilla FC,2132,-1,2131
2007-02-25,FC Barcelona,2147,5,2152,Athletic Bilbao,1928,-5,1923
2007-02-25,CA Osasuna,1975,-19,1956,Espanyol Barcelona,1989,19,2008
2007-02-25,Real Betis,1940,-3,1937,Recreativo Huelva,1924,3,1927
2007-02-25,Levante UD,1864,1,1865,Real Zaragoza,1984,-1,1983
2007-02-25,Celta Vigo,1931,-3,1928,Racing Santander,1914,3,1917
2007-02-25,Gimnàstic,1752,6,1758,Valencia CF,2069,-6,2063
2007-02-25,Villarreal CF,1916,6,1922,RCD Mallorca,1872,-6,1866
2007-02-24,Atlético Madrid,1992,0,1992,Real Madrid,2081,0,2081
2007-02-24,Real Sociedad,1810,-9,1801,Deportivo La Coruña,1951,9,1960
2007-02-18,Valencia CF,2049,11,2060,FC Barcelona,2179,-11,2168
2007-02-18,Sevilla FC,2122,6,2128,Atlético Madrid,1998,-6,1992
2007-02-18,Athletic Bilbao,1913,15,1928,Getafe CF,2019,-15,2004
2007-02-18,CA Osasuna,1982,-15,1967,Celta Vigo,1907,15,1922
2007-02-18,Espanyol Barcelona,1976,7,1983,RCD Mallorca,1879,-7,1872
2007-02-18,Deportivo La Coruña,1956,-5,1951,Levante UD,1859,5,1864
2007-02-18,Recreativo Huelva,1919,5,1924,Real Sociedad,1815,-5,1810
2007-02-18,Racing Santander,1907,7,1914,Gimnàstic,1759,-7,1752
2007-02-17,Real Madrid,2077,-6,2071,Real Betis,1934,6,1940
2007-02-17,Real Zaragoza,1978,6,1984,Villarreal CF,1922,-6,1916
2007-02-11,FC Barcelona,2176,3,2179,Racing Santander,1910,-3,1907
2007-02-11,Getafe CF,2004,15,2019,Valencia CF,2064,-15,2049
2007-02-11,Atlético Madrid,1993,5,1998,Athletic Bilbao,1918,-5,1913
2007-02-11,Villarreal CF,1941,-19,1922,Deportivo La Coruña,1937,19,1956
2007-02-11,Celta Vigo,1921,-18,1903,Espanyol Barcelona,1947,18,1965
2007-02-11,RCD Mallorca,1868,11,1879,Real Zaragoza,1989,-11,1978
2007-02-11,Levante UD,1850,9,1859,Recreativo Huelva,1928,-9,1919
2007-02-11,Gimnàstic,1766,-7,1759,CA Osasuna,1973,7,1980
2007-02-10,Real Betis,1932,2,1934,Sevilla FC,2109,-2,2107
2007-02-10,Real Sociedad,1821,-6,1815,Real Madrid,2071,6,2077
2007-02-04,CA Osasuna,1970,3,1973,FC Barcelona,2179,-3,2176
2007-02-04,Sevilla FC,2117,-8,2109,Real Sociedad,1813,8,1821
2007-02-04,Real Madrid,2089,-18,2071,Levante UD,1832,18,1850
2007-02-04,Racing Santander,1900,10,1910,Getafe CF,2014,-10,2004
2007-02-04,Recreativo Huelva,1920,8,1928,Villarreal CF,1949,-8,1941
2007-02-04,Athletic Bilbao,1931,-13,1918,Real Betis,1919,13,1932
2007-02-04,Celta Vigo,1927,-6,1921,Gimnàstic,1760,6,1766
2007-02-03,Valencia CF,2055,9,2064,Atlético Madrid,2002,-9,1993
2007-02-03,Espanyol Barcelona,1959,-12,1947,Real Zaragoza,1977,12,1989
2007-02-03,Deportivo La Coruña,1931,6,1937,RCD Mallorca,1874,-6,1868
2007-01-28,FC Barcelona,2193,3,2196,Celta Vigo,1930,-3,1927
2007-01-28,Getafe CF,1991,11,2002,CA Osasuna,1993,-11,1982
2007-01-28,Real Betis,1900,12,1912,Valencia CF,2067,-12,2055
2007-01-28,Levante UD,1840,-8,1832,Sevilla FC,2116,8,2124
2007-01-28,Real Zaragoza,1964,-4,1960,Deportivo La Coruña,1916,4,1920
2007-01-28,RCD Mallorca,1865,9,1874,Recreativo Huelva,1929,-9,1920
2007-01-28,Real Sociedad,1829,-16,1813,Athletic Bilbao,1915,16,1931
2007-01-28,Gimnàstic,1733,27,1760,Espanyol Barcelona,1986,-27,1959
2007-01-27,Villarreal CF,1937,12,1949,Real Madrid,2101,-12,2089
2007-01-27,Atlético Madrid,2007,-5,2002,Racing Santander,1895,5,1900
2007-01-24,Real Betis,1895,5,1900,FC Barcelona,2198,-5,2193
2007-01-21,RCD Mallorca,1872,-7,1865,Real Madrid,2094,7,2101
2007-01-21,FC Barcelona,2197,1,2198,Gimnàstic,1734,-1,1733
2007-01-21,Getafe CF,1985,6,1991,Celta Vigo,1936,-6,1930
2007-01-21,Deportivo La Coruña,1917,-1,1916,Espanyol Barcelona,1985,1,1986
2007-01-21,Real Sociedad,1836,-7,1829,Valencia CF,2060,7,2067
2007-01-21,Real Zaragoza,1968,-4,1964,Recreativo Huelva,1925,4,1929
2007-01-21,Real Betis,1898,-3,1895,Racing Santander,1892,3,1895
2007-01-21,Levante UD,1841,-1,1840,Athletic Bilbao,1914,1,1915
2007-01-20,Villarreal CF,1935,2,1937,Sevilla FC,2118,-2,2116
2007-01-20,Atlético Madrid,2000,7,2007,CA Osasuna,2000,-7,1993
2007-01-14,Real Madrid,2096,5,2101,Real Zaragoza,1991,-5,1986
2007-01-14,Sevilla FC,2134,-18,2116,RCD Mallorca,1850,18,1868
2007-01-14,Celta Vigo,1954,-18,1936,Atlético Madrid,1994,18,2012
2007-01-14,CA Osasuna,1978,10,1988,Real Betis,1901,-10,1891
2007-01-14,Athletic Bilbao,1926,-12,1914,Villarreal CF,1938,12,1950
2007-01-14,Recreativo Huelva,1928,-3,1925,Deportivo La Coruña,1918,3,1921
2007-01-14,Racing Santander,1886,6,1892,Real Sociedad,1842,-6,1836
2007-01-14,Gimnàstic,1745,-11,1734,Getafe CF,1951,11,1962
2007-01-13,Espanyol Barcelona,1964,21,1985,FC Barcelona,2217,-21,2196
2007-01-13,Valencia CF,2079,4,2083,Levante UD,1845,-4,1841
2007-01-07,Getafe CF,1945,5,1950,FC Barcelona,2218,-5,2213
2007-01-07,Villarreal CF,1959,-10,1949,Valencia CF,2070,10,2080
2007-01-07,Deportivo La Coruña,1886,20,1906,Real Madrid,2119,-20,2099
2007-01-07,Espanyol Barcelona,1978,-14,1964,Recreativo Huelva,1914,14,1928
2007-01-07,Real Betis,1889,9,1898,Celta Vigo,1963,-9,1954
2007-01-07,RCD Mallorca,1880,-18,1862,Athletic Bilbao,1908,18,1926
2007-01-07,Levante UD,1831,14,1845,Racing Santander,1900,-14,1886
2007-01-06,Real Zaragoza,1966,13,1979,Sevilla FC,2155,-13,2142
2007-01-06,Real Sociedad,1830,12,1842,CA Osasuna,1987,-12,1975
2007-01-06,Atlético Madrid,2005,-8,1997,Gimnàstic,1737,8,1745
2006-12-21,FC Barcelona,2225,-7,2218,Atlético Madrid,1998,7,2005
2006-12-20,Sevilla FC,2151,4,2155,Deportivo La Coruña,1890,-4,1886
2006-12-20,Real Madrid,2150,-31,2119,Recreativo Huelva,1883,31,1914
2006-12-20,Getafe CF,1958,-13,1945,Espanyol Barcelona,1965,13,1978
2006-12-20,Racing Santander,1891,9,1900,Villarreal CF,1968,-9,1959
2006-12-20,CA Osasuna,1983,4,1987,Levante UD,1835,-4,1831
2006-12-20,Celta Vigo,1969,-6,1963,Real Sociedad,1824,6,1830
2006-12-20,Gimnàstic,1746,-9,1737,Real Betis,1880,9,1889
2006-12-19,Valencia CF,2065,5,2070,RCD Mallorca,1885,-5,1880
2006-12-19,Athletic Bilbao,1909,-1,1908,Real Zaragoza,1965,1,1966
2006-12-17,Espanyol Barcelona,1973,-8,1965,Real Madrid,2142,8,2150
2006-12-17,Recreativo Huelva,1892,-9,1883,Sevilla FC,2142,9,2151
2006-12-17,Atlético Madrid,1992,6,1998,Getafe CF,1964,-6,1958
2006-12-17,Villarreal CF,1992,-24,1968,CA Osasuna,1959,24,1983
2006-12-17,Levante UD,1834,1,1835,Celta Vigo,1970,-1,1969
2006-12-17,Real Sociedad,1818,6,1824,Gimnàstic,1752,-6,1746
2006-12-16,Real Zaragoza,1976,-11,1965,Valencia CF,2054,11,2065
2006-12-16,Deportivo La Coruña,1910,-20,1890,Athletic Bilbao,1889,20,1909
2006-12-16,RCD Mallorca,1898,-13,1885,Racing Santander,1878,13,1891
2006-12-10,Valencia CF,2046,8,2054,Deportivo La Coruña,1918,-8,1910
2006-12-10,Celta Vigo,1969,-2,1967,Villarreal CF,1990,2,1992
2006-12-10,Atlético Madrid,1997,-14,1983,Espanyol Barcelona,1956,14,1970
2006-12-10,Racing Santander,1894,-16,1878,Real Zaragoza,1960,16,1976
2006-12-10,Getafe CF,1969,-5,1964,Real Betis,1875,5,1880
2006-12-10,CA Osasuna,1924,12,1936,RCD Mallorca,1910,-12,1898
2006-12-10,Athletic Bilbao,1877,12,1889,Recreativo Huelva,1904,-12,1892
2006-12-10,Gimnàstic,1742,10,1752,Levante UD,1853,-10,1843
2006-12-09,Sevilla FC,2155,7,2162,Real Madrid,2149,-7,2142
2006-12-09,FC Barcelona,2224,1,2225,Real Sociedad,1819,-1,1818
2006-12-03,Espanyol Barcelona,1942,14,1956,Sevilla FC,2169,-14,2155
2006-12-03,Real Madrid,2150,2,2152,Athletic Bilbao,1879,-2,1877
2006-12-03,Real Zaragoza,1974,-14,1960,CA Osasuna,1910,14,1924
2006-12-03,RCD Mallorca,1911,-1,1910,Celta Vigo,1968,1,1969
2006-12-03,Deportivo La Coruña,1922,-4,1918,Racing Santander,1890,4,1894
2006-12-03,Real Sociedad,1818,1,1819,Getafe CF,1970,-1,1969
2006-12-03,Villarreal CF,1986,4,1990,Gimnàstic,1746,-4,1742
2006-12-02,Levante UD,1846,7,1853,FC Barcelona,2220,-7,2213
2006-12-02,Recreativo Huelva,1885,19,1904,Valencia CF,2076,-19,2057
2006-12-02,Real Betis,1885,-10,1875,Atlético Madrid,1987,10,1997
2006-11-26,Valencia CF,2087,-11,2076,Real Madrid,2139,11,2150
2006-11-26,Athletic Bilbao,1887,-8,1879,Sevilla FC,2152,8,2160
2006-11-26,Celta Vigo,1963,-3,1960,Real Zaragoza,1971,3,1974
2006-11-26,CA Osasuna,1886,15,1901,Deportivo La Coruña,1937,-15,1922
2006-11-26,Getafe CF,1976,-6,1970,Levante UD,1840,6,1846
2006-11-26,Real Betis,1887,-2,1885,Espanyol Barcelona,1914,2,1916
2006-11-26,Racing Santander,1883,7,1890,Recreativo Huelva,1892,-7,1885
2006-11-26,Gimnàstic,1755,-9,1746,RCD Mallorca,1902,9,1911
2006-11-25,FC Barcelona,2215,5,2220,Villarreal CF,1991,-5,1986
2006-11-25,Atlético Madrid,1994,-7,1987,Real Sociedad,1811,7,1818
2006-11-19,RCD Mallorca,1911,-9,1902,FC Barcelona,2195,9,2204
2006-11-19,Villarreal CF,1984,7,1991,Getafe CF,1983,-7,1976
2006-11-19,Deportivo La Coruña,1950,-13,1937,Celta Vigo,1959,13,1972
2006-11-19,Levante UD,1856,-16,1840,Atlético Madrid,1978,16,1994
2006-11-19,Espanyol Barcelona,1900,7,1907,Athletic Bilbao,1894,-7,1887
2006-11-19,Recreativo Huelva,1880,12,1892,CA Osasuna,1898,-12,1886
2006-11-19,Real Zaragoza,1966,5,1971,Gimnàstic,1760,-5,1755
2006-11-19,Real Sociedad,1812,-1,1811,Real Betis,1886,1,1887
2006-11-18,Sevilla FC,2139,10,2149,Valencia CF,2089,-10,2079
2006-11-18,Real Madrid,2136,4,2140,Racing Santander,1887,-4,1883
2006-11-12,FC Barcelona,2191,4,2195,Real Zaragoza,1970,-4,1966
2006-11-12,CA Osasuna,1910,-12,1898,Real Madrid,2124,12,2136
2006-11-12,Racing Santander,1883,4,1887,Sevilla FC,2143,-4,2139
2006-11-12,Getafe CF,1977,6,1983,RCD Mallorca,1917,-6,1911
2006-11-12,Celta Vigo,1974,-15,1959,Recreativo Huelva,1865,15,1880
2006-11-12,Real Betis,1879,7,1886,Levante UD,1863,-7,1856
2006-11-12,Real Sociedad,1812,0,1812,Espanyol Barcelona,1900,0,1900
2006-11-12,Gimnàstic,1757,3,1760,Deportivo La Coruña,1953,-3,1950
2006-11-11,Valencia CF,2096,-7,2089,Athletic Bilbao,1887,7,1894
2006-11-11,Atlético Madrid,1966,12,1978,Villarreal CF,1996,-12,1984
2006-11-05,Real Madrid,2139,-16,2123,Celta Vigo,1975,16,1991
2006-11-05,Sevilla FC,2139,4,2143,CA Osasuna,1914,-4,1910
2006-11-05,Espanyol Barcelona,1915,2,1917,Valencia CF,2098,-2,2096
2006-11-05,Real Zaragoza,1954,13,1967,Getafe CF,2007,-13,1994
2006-11-05,Villarreal CF,1989,4,1993,Real Betis,1872,-4,1868
2006-11-05,Athletic Bilbao,1898,-4,1894,Racing Santander,1869,4,1873
2006-11-05,Recreativo Huelva,1871,5,1876,Gimnàstic,1782,-5,1777
2006-11-04,Deportivo La Coruña,1959,4,1963,FC Barcelona,2193,-4,2189
2006-11-04,RCD Mallorca,1911,-1,1910,Atlético Madrid,1965,1,1966
2006-11-04,Levante UD,1854,9,1863,Real Sociedad,1814,-9,1805
2006-10-29,Celta Vigo,1990,-9,1981,Sevilla FC,2130,9,2139
2006-10-29,Getafe CF,1997,10,2007,Deportivo La Coruña,1969,-10,1959
2006-10-29,Atlético Madrid,1979,-14,1965,Real Zaragoza,1940,14,1954
2006-10-29,CA Osasuna,1932,-4,1928,Athletic Bilbao,1894,4,1898
2006-10-29,Real Sociedad,1822,-8,1814,Villarreal CF,1981,8,1989
2006-10-29,Real Betis,1884,-12,1872,RCD Mallorca,1899,12,1911
2006-10-29,Levante UD,1855,-1,1854,Espanyol Barcelona,1914,1,1915
2006-10-28,FC Barcelona,2192,3,2195,Recreativo Huelva,1874,-3,1871
2006-10-28,Racing Santander,1855,14,1869,Valencia CF,2113,-14,2099
2006-10-28,Gimnàstic,1788,-6,1782,Real Madrid,2128,6,2134
2006-10-22,Real Madrid,2123,14,2137,FC Barcelona,2203,-14,2189
2006-10-22,Valencia CF,2110,3,2113,CA Osasuna,1935,-3,1932
2006-10-22,Sevilla FC,2128,2,2130,Gimnàstic,1799,-2,1797
2006-10-22,Athletic Bilbao,1908,-11,1897,Celta Vigo,1980,11,1991
2006-10-22,Recreativo Huelva,1887,-10,1877,Getafe CF,1975,10,1985
2006-10-22,Espanyol Barcelona,1922,-4,1918,Racing Santander,1856,4,1860
2006-10-22,RCD Mallorca,1901,-5,1896,Real Sociedad,1832,5,1837
2006-10-21,Deportivo La Coruña,1956,8,1964,Atlético Madrid,2003,-8,1995
2006-10-21,Real Zaragoza,1939,6,1945,Real Betis,1887,-6,1881
2006-10-21,Villarreal CF,1978,-6,1972,Levante UD,1833,6,1839
2006-10-15,FC Barcelona,2206,8,2214,Sevilla FC,2141,-8,2133
2006-10-15,Celta Vigo,1969,11,1980,Valencia CF,2110,-11,2099
2006-10-15,Villarreal CF,1983,-5,1978,Espanyol Barcelona,1899,5,1904
2006-10-15,Real Betis,1888,-1,1887,Deportivo La Coruña,1955,1,1956
2006-10-15,CA Osasuna,1958,-16,1942,Racing Santander,1840,16,1856
2006-10-15,Real Sociedad,1848,-16,1832,Real Zaragoza,1923,16,1939
2006-10-15,Levante UD,1845,-12,1833,RCD Mallorca,1889,12,1901
2006-10-15,Gimnàstic,1809,-10,1799,Athletic Bilbao,1898,10,1908
2006-10-14,Getafe CF,1964,11,1975,Real Madrid,2110,-11,2099
2006-10-14,Atlético Madrid,1998,5,2003,Recreativo Huelva,1892,-5,1887
2006-10-01,Real Madrid,2116,-6,2110,Atlético Madrid,1992,6,1998
2006-10-01,Sevilla FC,2138,3,2141,Getafe CF,1967,-3,1964
2006-10-01,Valencia CF,2107,3,2110,Gimnàstic,1812,-3,1809
2006-10-01,RCD Mallorca,1900,-11,1889,Villarreal CF,1972,11,1983
2006-10-01,Espanyol Barcelona,1900,-1,1899,CA Osasuna,1957,1,1958
2006-10-01,Racing Santander,1839,1,1840,Celta Vigo,1970,-1,1969
2006-10-01,Deportivo La Coruña,1948,7,1955,Real Sociedad,1855,-7,1848
2006-10-01,Recreativo Huelva,1880,12,1892,Real Betis,1900,-12,1888
2006-10-01,Real Zaragoza,1928,-5,1923,Levante UD,1840,5,1845
2006-09-30,Athletic Bilbao,1905,-7,1898,FC Barcelona,2199,7,2206
2006-09-24,FC Barcelona,2207,-6,2201,Valencia CF,2092,6,2098
2006-09-24,Atlético Madrid,1980,12,1992,Sevilla FC,2149,-12,2137
2006-09-24,Celta Vigo,1983,-21,1962,CA Osasuna,1945,21,1966
2006-09-24,Villarreal CF,1966,6,1972,Real Zaragoza,1934,-6,1928
2006-09-24,Getafe CF,1972,-5,1967,Athletic Bilbao,1900,5,1905
2006-09-24,RCD Mallorca,1893,7,1900,Espanyol Barcelona,1900,-7,1893
2006-09-24,Levante UD,1823,17,1840,Deportivo La Coruña,1965,-17,1948
2006-09-24,Real Sociedad,1868,-13,1855,Recreativo Huelva,1867,13,1880
2006-09-24,Gimnàstic,1814,-2,1812,Racing Santander,1837,2,1839
2006-09-23,Real Betis,1908,-8,1900,Real Madrid,2095,8,2103
2006-09-17,Valencia CF,2085,7,2092,Getafe CF,1979,-7,1972
2006-09-17,Sevilla FC,2146,3,2149,Real Betis,1911,-3,1908
2006-09-17,Racing Santander,1843,-6,1837,FC Barcelona,2201,6,2207
2006-09-17,Real Madrid,2091,4,2095,Real Sociedad,1872,-4,1868
2006-09-17,Espanyol Barcelona,1890,10,1900,Celta Vigo,1993,-10,1983
2006-09-17,Athletic Bilbao,1921,-21,1900,Atlético Madrid,1959,21,1980
2006-09-17,Real Zaragoza,1924,10,1934,RCD Mallorca,1903,-10,1893
2006-09-17,CA Osasuna,1938,7,1945,Gimnàstic,1821,-7,1814
2006-09-17,Recreativo Huelva,1882,-15,1867,Levante UD,1808,15,1823
2006-09-16,Deportivo La Coruña,1953,12,1965,Villarreal CF,1978,-12,1966
2006-09-10,Real Sociedad,1881,-9,1872,Sevilla FC,2135,9,2144
2006-09-10,Levante UD,1817,-9,1808,Real Madrid,2097,9,2106
2006-09-10,Villarreal CF,1994,-16,1978,Recreativo Huelva,1866,16,1882
2006-09-10,RCD Mallorca,1905,-2,1903,Deportivo La Coruña,1951,2,1953
2006-09-10,Real Betis,1896,15,1911,Athletic Bilbao,1936,-15,1921
2006-09-10,Getafe CF,1975,4,1979,Racing Santander,1847,-4,1843
2006-09-10,Real Zaragoza,1912,12,1924,Espanyol Barcelona,1905,-12,1893
2006-09-10,Gimnàstic,1830,-9,1821,Celta Vigo,1974,9,1983
2006-09-09,FC Barcelona,2190,4,2194,CA Osasuna,1945,-4,1941
2006-09-09,Atlético Madrid,1969,-10,1959,Valencia CF,2054,10,2064
2006-08-29,Sevilla FC,2132,3,2135,Levante UD,1820,-3,1817
2006-08-28,Celta Vigo,1981,-7,1974,FC Barcelona,2183,7,2190
2006-08-27,Real Madrid,2103,-6,2097,Villarreal CF,1988,6,1994
2006-08-27,CA Osasuna,1965,-20,1945,Getafe CF,1955,20,1975
2006-08-27,Deportivo La Coruña,1944,7,1951,Real Zaragoza,1919,-7,1912
2006-08-27,Athletic Bilbao,1940,-4,1936,Real Sociedad,1877,4,1881
2006-08-27,Racing Santander,1857,-10,1847,Atlético Madrid,1959,10,1969
2006-08-27,Recreativo Huelva,1868,-2,1866,RCD Mallorca,1903,2,1905
2006-08-27,Espanyol Barcelona,1920,-15,1905,Gimnàstic,1815,15,1830
2006-08-26,Valencia CF,2050,4,2054,Real Betis,1900,-4,1896
2008-05-18,Deportivo La Coruña,1978,-14,1964,Villarreal CF,2100,14,2114
2008-05-18,Sevilla FC,2113,6,2119,Athletic Bilbao,1945,-6,1939
2008-05-18,Valencia CF,1968,13,1981,Atlético Madrid,2027,-13,2014
2008-05-18,RCD Mallorca,2044,4,2048,Real Zaragoza,1915,-4,1911
2008-05-18,Real Madrid,2123,3,2126,Levante UD,1785,-3,1782
2008-05-18,Getafe CF,1979,-4,1975,Real Betis,1921,4,1925
2008-05-18,Racing Santander,1960,6,1966,CA Osasuna,1922,-6,1916
2008-05-18,Recreativo Huelva,1913,-3,1910,Real Valladolid,1914,3,1917
2008-05-18,Espanyol Barcelona,1911,-20,1891,UD Almería,1893,20,1913
2008-05-17,Real Murcia,1771,-6,1765,FC Barcelona,2098,6,2104
2008-05-11,FC Barcelona,2113,-15,2098,RCD Mallorca,2029,15,2044
2008-05-11,Real Zaragoza,1912,3,1915,Real Madrid,2126,-3,2123
2008-05-11,Real Betis,1933,-12,1921,Sevilla FC,2101,12,2113
2008-05-11,Villarreal CF,2095,5,2100,Espanyol Barcelona,1916,-5,1911
2008-05-11,Atlético Madrid,2021,6,2027,Deportivo La Coruña,1984,-6,1978
2008-05-11,Athletic Bilbao,1948,-3,1945,Racing Santander,1957,3,1960
2008-05-11,Real Valladolid,1915,-1,1914,Getafe CF,1978,1,1979
2008-05-11,UD Almería,1913,-20,1893,Recreativo Huelva,1893,20,1913
2008-05-11,Levante UD,1801,-16,1785,Valencia CF,1952,16,1968
2008-05-11,CA Osasuna,1918,4,1922,Real Murcia,1775,-4,1771
2008-05-08,Espanyol Barcelona,1932,-16,1916,Atlético Madrid,2005,16,2021
2008-05-07,Real Madrid,2113,13,2126,FC Barcelona,2126,-13,2113
2008-05-07,Racing Santander,1974,-17,1957,Sevilla FC,2084,17,2101
2008-05-07,Recreativo Huelva,1905,-12,1893,Villarreal CF,2083,12,2095
2008-05-07,RCD Mallorca,2024,5,2029,CA Osasuna,1923,-5,1918
2008-05-07,Getafe CF,1969,9,1978,UD Almería,1922,-9,1913
2008-05-07,Valencia CF,1946,6,1952,Real Zaragoza,1918,-6,1912
2008-05-07,Real Betis,1936,-3,1933,Real Valladolid,1912,3,1915
2008-05-07,Deportivo La Coruña,1981,3,1984,Levante UD,1804,-3,1801
2008-05-07,Real Murcia,1783,-8,1775,Athletic Bilbao,1940,8,1948
2008-05-04,FC Barcelona,2118,8,2126,Valencia CF,1954,-8,1946
2008-05-04,Villarreal CF,2076,7,2083,Getafe CF,1976,-7,1969
2008-05-04,CA Osasuna,1931,-8,1923,Real Madrid,2105,8,2113
2008-05-04,Sevilla FC,2079,5,2084,Real Valladolid,1917,-5,1912
2008-05-04,Athletic Bilbao,1951,-11,1940,RCD Mallorca,2013,11,2024
2008-05-04,UD Almería,1925,-3,1922,Real Betis,1933,3,1936
2008-05-04,Racing Santander,1971,3,1974,Real Murcia,1786,-3,1783
2008-05-04,Levante UD,1803,1,1804,Espanyol Barcelona,1933,-1,1932
2008-05-03,Atlético Madrid,1996,9,2005,Recreativo Huelva,1914,-9,1905
2008-05-03,Real Zaragoza,1908,10,1918,Deportivo La Coruña,1991,-10,1981
2008-04-27,Real Madrid,2098,7,2105,Athletic Bilbao,1958,-7,1951
2008-04-27,Real Betis,1942,-9,1933,Villarreal CF,2067,9,2076
2008-04-27,RCD Mallorca,2003,10,2013,Racing Santander,1981,-10,1971
2008-04-27,Getafe CF,1978,-2,1976,Atlético Madrid,1994,2,1996
2008-04-27,Valencia CF,1941,13,1954,CA Osasuna,1944,-13,1931
2008-04-27,Real Valladolid,1909,8,1917,UD Almería,1933,-8,1925
2008-04-27,Espanyol Barcelona,1937,-4,1933,Real Zaragoza,1904,4,1908
2008-04-27,Recreativo Huelva,1907,7,1914,Levante UD,1810,-7,1803
2008-04-26,Deportivo La Coruña,1973,18,1991,FC Barcelona,2142,-18,2124
2008-04-26,Real Murcia,1781,5,1786,Sevilla FC,2084,-5,2079
2008-04-20,Racing Santander,1997,-16,1981,Real Madrid,2082,16,2098
2008-04-20,Villarreal CF,2061,6,2067,Real Valladolid,1915,-6,1909
2008-04-20,CA Osasuna,1957,-13,1944,Deportivo La Coruña,1960,13,1973
2008-04-20,Athletic Bilbao,1944,14,1958,Valencia CF,1955,-14,1941
2008-04-20,Levante UD,1790,20,1810,Getafe CF,1998,-20,1978
2008-04-20,Real Murcia,1794,-13,1781,RCD Mallorca,1990,13,2003
2008-04-19,FC Barcelona,2148,-7,2141,Espanyol Barcelona,1930,7,1937
2008-04-19,Sevilla FC,2114,-30,2084,UD Almería,1903,30,1933
2008-04-19,Atlético Madrid,2017,-23,1994,Real Betis,1919,23,1942
2008-04-19,Real Zaragoza,1890,14,1904,Recreativo Huelva,1921,-14,1907
2008-04-13,RCD Mallorca,2000,-10,1990,Sevilla FC,2104,10,2114
2008-04-13,UD Almería,1891,12,1903,Villarreal CF,2073,-12,2061
2008-04-13,Real Valladolid,1915,0,1915,Atlético Madrid,2017,0,2017
2008-04-13,Getafe CF,2022,-6,2016,Real Zaragoza,1884,6,1890
2008-04-13,Deportivo La Coruña,1947,13,1960,Athletic Bilbao,1957,-13,1944
2008-04-13,Espanyol Barcelona,1943,-13,1930,CA Osasuna,1944,13,1957
2008-04-13,Real Madrid,2080,2,2082,Real Murcia,1796,-2,1794
2008-04-13,Real Betis,1935,-16,1919,Levante UD,1774,16,1790
2008-04-12,Recreativo Huelva,1917,4,1921,FC Barcelona,2152,-4,2148
2008-04-12,Valencia CF,1949,-12,1937,Racing Santander,1985,12,1997
2008-04-06,Sevilla FC,2094,10,2104,Villarreal CF,2083,-10,2073
2008-04-06,FC Barcelona,2152,-6,2146,Getafe CF,2018,6,2024
2008-04-06,Racing Santander,2007,-22,1985,Deportivo La Coruña,1925,22,1947
2008-04-06,Atlético Madrid,2009,8,2017,UD Almería,1899,-8,1891
2008-04-06,Athletic Bilbao,1950,7,1957,Espanyol Barcelona,1950,-7,1943
2008-04-06,Real Zaragoza,1906,-22,1884,Real Betis,1913,22,1935
2008-04-06,Real Murcia,1784,12,1796,Valencia CF,1961,-12,1949
2008-04-06,Levante UD,1791,-17,1774,Real Valladolid,1898,17,1915
2008-04-05,RCD Mallorca,2001,-1,2000,Real Madrid,2079,1,2080
2008-04-05,CA Osasuna,1958,-14,1944,Recreativo Huelva,1903,14,1917
2008-03-30,Real Madrid,2067,12,2079,Sevilla FC,2106,-12,2094
2008-03-30,Getafe CF,2035,-23,2012,CA Osasuna,1935,23,1958
2008-03-30,Valencia CF,1984,-23,1961,RCD Mallorca,1978,23,2001
2008-03-30,Espanyol Barcelona,1972,-22,1950,Racing Santander,1985,22,2007
2008-03-30,Recreativo Huelva,1905,-2,1903,Athletic Bilbao,1948,2,1950
2008-03-30,Real Valladolid,1890,8,1898,Real Zaragoza,1914,-8,1906
2008-03-30,Deportivo La Coruña,1919,6,1925,Real Murcia,1790,-6,1784
2008-03-30,UD Almería,1894,5,1899,Levante UD,1796,-5,1791
2008-03-29,Villarreal CF,2073,10,2083,Atlético Madrid,2019,-10,2009
2008-03-29,Real Betis,1899,14,1913,FC Barcelona,2151,-14,2137
2008-03-23,Real Madrid,2082,-15,2067,Valencia CF,1969,15,1984
2008-03-23,FC Barcelona,2147,4,2151,Real Valladolid,1894,-4,1890
2008-03-23,Athletic Bilbao,1938,10,1948,Getafe CF,2045,-10,2035
2008-03-23,Racing Santander,1977,8,1985,Recreativo Huelva,1913,-8,1905
2008-03-23,Levante UD,1802,-6,1796,Villarreal CF,2067,6,2073
2008-03-23,CA Osasuna,1949,-14,1935,Real Betis,1885,14,1899
2008-03-23,Real Zaragoza,1917,-3,1914,UD Almería,1891,3,1894
2008-03-23,Real Murcia,1764,26,1790,Espanyol Barcelona,1998,-26,1972
2008-03-22,Sevilla FC,2122,-16,2106,Atlético Madrid,2003,16,2019
2008-03-22,RCD Mallorca,1972,6,1978,Deportivo La Coruña,1925,-6,1919
2008-03-16,UD Almería,1886,5,1891,FC Barcelona,2165,-5,2160
2008-03-16,Getafe CF,2038,6,2044,Racing Santander,1984,-6,1978
2008-03-16,Villarreal CF,2061,6,2067,Real Zaragoza,1923,-6,1917
2008-03-16,Espanyol Barcelona,1991,7,1998,RCD Mallorca,1979,-7,1972
2008-03-16,Real Valladolid,1895,-1,1894,CA Osasuna,1948,1,1949
2008-03-16,Atlético Madrid,1997,6,2003,Levante UD,1808,-6,1802
2008-03-15,Valencia CF,1965,-9,1956,Sevilla FC,2113,9,2122
2008-03-15,Deportivo La Coruña,1913,12,1925,Real Madrid,2094,-12,2082
2008-03-15,Real Betis,1897,-12,1885,Athletic Bilbao,1926,12,1938
2008-03-15,Recreativo Huelva,1907,6,1913,Real Murcia,1770,-6,1764
2008-03-09,FC Barcelona,2181,-16,2165,Villarreal CF,2045,16,2061
2008-03-09,Sevilla FC,2111,2,2113,Levante UD,1810,-2,1808
2008-03-09,RCD Mallorca,1966,13,1979,Recreativo Huelva,1920,-13,1907
2008-03-09,Racing Santander,1974,10,1984,Real Betis,1907,-10,1897
2008-03-09,Valencia CF,1969,-4,1965,Deportivo La Coruña,1909,4,1913
2008-03-09,CA Osasuna,1942,6,1948,UD Almería,1892,-6,1886
2008-03-09,Athletic Bilbao,1916,10,1926,Real Valladolid,1905,-10,1895
2008-03-09,Real Murcia,1781,-11,1770,Getafe CF,2021,11,2032
2008-03-08,Real Madrid,2089,5,2094,Espanyol Barcelona,1996,-5,1991
2008-03-08,Real Zaragoza,1913,10,1923,Atlético Madrid,2007,-10,1997
2008-03-02,Villarreal CF,2051,-6,2045,CA Osasuna,1936,6,1942
2008-03-02,Getafe CF,2010,-4,2006,RCD Mallorca,1962,4,1966
2008-03-02,Real Valladolid,1917,-12,1905,Racing Santander,1962,12,1974
2008-03-02,UD Almería,1894,-2,1892,Athletic Bilbao,1914,2,1916
2008-03-02,Levante UD,1799,11,1810,Real Zaragoza,1924,-11,1913
2008-03-02,Real Betis,1898,9,1907,Real Murcia,1790,-9,1781
2008-03-01,Atlético Madrid,1987,20,2007,FC Barcelona,2197,-20,2177
2008-03-01,Recreativo Huelva,1928,-8,1920,Real Madrid,2100,8,2108
2008-03-01,Deportivo La Coruña,1896,13,1909,Sevilla FC,2119,-13,2106
2008-03-01,Espanyol Barcelona,1985,11,1996,Valencia CF,1980,-11,1969
2008-02-24,Real Madrid,2116,-16,2100,Getafe CF,1984,16,2000
2008-02-24,FC Barcelona,2202,2,2204,Levante UD,1801,-2,1799
2008-02-24,Athletic Bilbao,1924,-10,1914,Villarreal CF,2041,10,2051
2008-02-24,CA Osasuna,1922,14,1936,Atlético Madrid,2001,-14,1987
2008-02-24,Deportivo La Coruña,1880,16,1896,Espanyol Barcelona,2001,-16,1985
2008-02-24,Racing Santander,1966,6,1972,UD Almería,1900,-6,1894
2008-02-24,RCD Mallorca,1967,-5,1962,Real Betis,1893,5,1898
2008-02-24,Real Murcia,1800,-10,1790,Real Valladolid,1907,10,1917
2008-02-23,Sevilla FC,2112,7,2119,Real Zaragoza,1931,-7,1924
2008-02-23,Valencia CF,1977,-4,1973,Recreativo Huelva,1924,4,1928
2008-02-17,Villarreal CF,2040,-5,2035,Racing Santander,1961,5,1966
2008-02-17,Getafe CF,1978,-3,1975,Valencia CF,1974,3,1977
2008-02-17,Atlético Madrid,2023,-15,2008,Athletic Bilbao,1909,15,1924
2008-02-17,Real Valladolid,1908,-1,1907,RCD Mallorca,1966,1,1967
2008-02-17,Recreativo Huelva,1918,6,1924,Deportivo La Coruña,1886,-6,1880
2008-02-17,Levante UD,1790,11,1801,CA Osasuna,1933,-11,1922
2008-02-17,UD Almería,1895,5,1900,Real Murcia,1805,-5,1800
2008-02-16,Espanyol Barcelona,2016,-15,2001,Sevilla FC,2115,15,2130
2008-02-16,Real Zaragoza,1937,-6,1931,FC Barcelona,2187,6,2193
2008-02-16,Real Betis,1879,14,1893,Real Madrid,2142,-14,2128
2008-02-10,Real Madrid,2136,6,2142,Real Valladolid,1914,-6,1908
2008-02-10,Racing Santander,1979,-18,1961,Atlético Madrid,2020,18,2038
2008-02-10,Espanyol Barcelona,2032,-16,2016,Recreativo Huelva,1902,16,1918
2008-02-10,CA Osasuna,1925,8,1933,Real Zaragoza,1945,-8,1937
2008-02-10,RCD Mallorca,1971,-5,1966,UD Almería,1890,5,1895
2008-02-10,Valencia CF,1966,8,1974,Real Betis,1887,-8,1879
2008-02-10,Athletic Bilbao,1904,5,1909,Levante UD,1795,-5,1790
2008-02-09,Sevilla FC,2116,-1,2115,FC Barcelona,2186,1,2187
2008-02-09,Deportivo La Coruña,1886,0,1886,Getafe CF,1980,0,1980
2008-02-09,Real Murcia,1811,-6,1805,Villarreal CF,2047,6,2053
2008-02-03,FC Barcelona,2184,2,2186,CA Osasuna,1927,-2,1925
2008-02-03,Villarreal CF,2052,-5,2047,RCD Mallorca,1966,5,1971
2008-02-03,Recreativo Huelva,1909,-7,1902,Sevilla FC,2109,7,2116
2008-02-03,Getafe CF,1992,-12,1980,Espanyol Barcelona,2020,12,2032
2008-02-03,Real Valladolid,1933,-19,1914,Valencia CF,1947,19,1966
2008-02-03,Real Zaragoza,1939,6,1945,Athletic Bilbao,1910,-6,1904
2008-02-03,Atlético Madrid,2027,-7,2020,Real Murcia,1804,7,1811
2008-02-03,Levante UD,1792,3,1795,Racing Santander,1982,-3,1979
2008-02-02,UD Almería,1868,22,1890,Real Madrid,2158,-22,2136
2008-02-02,Real Betis,1901,-14,1887,Deportivo La Coruña,1872,14,1886
2008-01-27,Real Madrid,2153,5,2158,Villarreal CF,2061,-5,2056
2008-01-27,Athletic Bilbao,1906,5,1911,FC Barcelona,2185,-5,2180
2008-01-27,RCD Mallorca,1949,9,1958,Atlético Madrid,2031,-9,2022
2008-01-27,Espanyol Barcelona,2036,-16,2020,Real Betis,1885,16,1901
2008-01-27,Racing Santander,1985,-4,1981,Real Zaragoza,1935,4,1939
2008-01-27,Recreativo Huelva,1926,-17,1909,Getafe CF,1983,17,2000
2008-01-27,Valencia CF,1968,-16,1952,UD Almería,1852,16,1868
2008-01-27,Deportivo La Coruña,1857,15,1872,Real Valladolid,1948,-15,1933
2008-01-27,Real Murcia,1818,-14,1804,Levante UD,1778,14,1792
2008-01-26,Sevilla FC,2106,3,2109,CA Osasuna,1930,-3,1927
2008-01-20,Atlético Madrid,2057,-16,2041,Real Madrid,2137,16,2153
2008-01-20,FC Barcelona,2183,3,2186,Racing Santander,1980,-3,1977
2008-01-20,Real Valladolid,1938,10,1948,Espanyol Barcelona,2046,-10,2036
2008-01-20,CA Osasuna,1919,11,1930,Athletic Bilbao,1925,-11,1914
2008-01-20,Real Betis,1887,-2,1885,Recreativo Huelva,1924,2,1926
2008-01-20,Real Zaragoza,1928,7,1935,Real Murcia,1825,-7,1818
2008-01-20,Levante UD,1776,2,1778,RCD Mallorca,1958,-2,1956
2008-01-20,UD Almería,1844,8,1852,Deportivo La Coruña,1865,-8,1857
2008-01-19,Getafe CF,1965,11,1976,Sevilla FC,2117,-11,2106
2008-01-19,Villarreal CF,2051,9,2060,Valencia CF,1967,-9,1958
2008-01-13,Atlético Madrid,2053,5,2058,Valencia CF,1966,-5,1961
2008-01-13,Levante UD,1790,-6,1784,Real Madrid,2148,6,2154
2008-01-13,Villarreal CF,2041,3,2044,Deportivo La Coruña,1868,-3,1865
2008-01-13,UD Almería,1830,14,1844,Espanyol Barcelona,2066,-14,2052
2008-01-13,CA Osasuna,1938,-19,1919,Racing Santander,1952,19,1971
2008-01-13,Real Zaragoza,1940,-3,1937,RCD Mallorca,1938,3,1941
2008-01-13,Real Valladolid,1926,11,1937,Recreativo Huelva,1942,-11,1931
2008-01-13,Real Betis,1884,9,1893,Getafe CF,1966,-9,1957
2008-01-12,Athletic Bilbao,1899,20,1919,Sevilla FC,2132,-20,2112
2008-01-12,FC Barcelona,2186,2,2188,Real Murcia,1827,-2,1825
2008-01-06,Real Madrid,2158,4,2162,Real Zaragoza,1947,-4,1943
2008-01-06,Sevilla FC,2128,5,2133,Real Betis,1900,-5,1895
2008-01-06,Deportivo La Coruña,1882,-14,1868,Atlético Madrid,2045,14,2059
2008-01-06,Getafe CF,1986,-26,1960,Real Valladolid,1894,26,1920
2008-01-06,Racing Santander,1943,6,1949,Athletic Bilbao,1903,-6,1897
2008-01-06,Real Murcia,1810,17,1827,CA Osasuna,1955,-17,1938
2008-01-06,Recreativo Huelva,1936,-5,1931,UD Almería,1825,5,1830
2008-01-06,Valencia CF,1962,-7,1955,Levante UD,1789,7,1796
2008-01-05,Espanyol Barcelona,2055,13,2068,Villarreal CF,2065,-13,2052
2008-01-05,RCD Mallorca,1933,-9,1924,FC Barcelona,2176,9,2185
2007-12-23,FC Barcelona,2199,-14,2185,Real Madrid,2143,14,2157
2007-12-23,Atlético Madrid,2068,-14,2054,Espanyol Barcelona,2033,14,2047
2007-12-23,Villarreal CF,2070,-6,2064,Recreativo Huelva,1938,6,1944
2007-12-23,CA Osasuna,1962,9,1971,RCD Mallorca,1926,-9,1917
2007-12-23,Real Valladolid,1886,-3,1883,Real Betis,1890,3,1893
2007-12-23,Athletic Bilbao,1903,-5,1898,Real Murcia,1816,5,1821
2007-12-23,Levante UD,1795,-10,1785,Deportivo La Coruña,1880,10,1890
2007-12-22,Sevilla FC,2122,6,2128,Racing Santander,1943,-6,1937
2007-12-22,Real Zaragoza,1946,-3,1943,Valencia CF,1956,3,1959
2007-12-22,UD Almería,1843,-14,1829,Getafe CF,1969,14,1983
2007-12-16,Real Madrid,2146,5,2151,CA Osasuna,1967,-5,1962
2007-12-16,Getafe CF,1981,-17,1964,Villarreal CF,2043,17,2060
2007-12-16,Real Valladolid,1882,4,1886,Sevilla FC,2126,-4,2122
2007-12-16,Recreativo Huelva,1937,1,1938,Atlético Madrid,2065,-1,2064
2007-12-16,RCD Mallorca,1930,-4,1926,Athletic Bilbao,1899,4,1903
2007-12-16,Deportivo La Coruña,1875,-1,1874,Real Zaragoza,1945,1,1946
2007-12-16,Real Murcia,1805,11,1816,Racing Santander,1954,-11,1943
2007-12-16,Real Betis,1880,10,1890,UD Almería,1853,-10,1843
2007-12-15,Valencia CF,1963,-12,1951,FC Barcelona,2187,12,2199
2007-12-15,Espanyol Barcelona,2036,3,2039,Levante UD,1798,-3,1795
2007-12-09,FC Barcelona,2179,2,2181,Deportivo La Coruña,1877,-2,1875
2007-12-09,Atlético Madrid,2056,5,2061,Getafe CF,1981,-5,1976
2007-12-09,Real Zaragoza,1945,0,1945,Espanyol Barcelona,2036,0,2036
2007-12-09,Villarreal CF,2060,-17,2043,Real Betis,1863,17,1880
2007-12-09,Sevilla FC,2106,3,2109,Real Murcia,1808,-3,1805
2007-12-09,Racing Santander,1943,11,1954,RCD Mallorca,1951,-11,1940
2007-12-09,Levante UD,1813,-15,1798,Recreativo Huelva,1922,15,1937
2007-12-09,UD Almería,1845,8,1853,Real Valladolid,1890,-8,1882
2007-12-08,Athletic Bilbao,1905,-6,1899,Real Madrid,2133,6,2139
2007-12-08,CA Osasuna,1960,-3,1957,Valencia CF,1948,3,1951
2007-12-05,CA Osasuna,1959,1,1960,Sevilla FC,2107,-1,2106
2007-12-02,Real Valladolid,1871,19,1890,Villarreal CF,2077,-19,2058
2007-12-02,Real Betis,1876,-13,1863,Atlético Madrid,2029,13,2042
2007-12-02,Recreativo Huelva,1914,8,1922,Real Zaragoza,1953,-8,1945
2007-12-02,Valencia CF,1974,-26,1948,Athletic Bilbao,1879,26,1905
2007-12-02,Deportivo La Coruña,1888,-11,1877,CA Osasuna,1948,11,1959
2007-12-02,Getafe CF,1968,4,1972,Levante UD,1817,-4,1813
2007-12-02,RCD Mallorca,1957,-6,1951,Real Murcia,1802,6,1808
2007-12-01,Espanyol Barcelona,2035,1,2036,FC Barcelona,2180,-1,2179
2007-12-01,Real Madrid,2128,5,2133,Racing Santander,1948,-5,1943
2007-12-01,UD Almería,1830,15,1845,Sevilla FC,2122,-15,2107
2007-11-25,CA Osasuna,1959,-11,1948,Espanyol Barcelona,2024,11,2035
2007-11-25,Real Zaragoza,1955,-2,1953,Getafe CF,1989,2,1991
2007-11-25,Racing Santander,1940,8,1948,Valencia CF,1985,-8,1977
2007-11-25,Villarreal CF,2085,-8,2077,UD Almería,1822,8,1830
2007-11-25,Atlético Madrid,2021,4,2025,Real Valladolid,1875,-4,1871
2007-11-25,Athletic Bilbao,1882,-3,1879,Deportivo La Coruña,1885,3,1888
2007-11-25,Levante UD,1808,9,1817,Real Betis,1885,-9,1876
2007-11-24,FC Barcelona,2176,4,2180,Recreativo Huelva,1918,-4,1914
2007-11-24,Sevilla FC,2116,-17,2099,RCD Mallorca,1940,17,1957
2007-11-24,Real Murcia,1796,6,1802,Real Madrid,2149,-6,2143
2007-11-11,Villarreal CF,2073,9,2082,Sevilla FC,2125,-9,2116
2007-11-11,Real Madrid,2146,3,2149,RCD Mallorca,1943,-3,1940
2007-11-11,Espanyol Barcelona,2020,4,2024,Athletic Bilbao,1888,-4,1884
2007-11-11,Recreativo Huelva,1902,9,1911,CA Osasuna,1968,-9,1959
2007-11-11,Real Betis,1875,10,1885,Real Zaragoza,1980,-10,1970
2007-11-11,UD Almería,1827,3,1830,Atlético Madrid,2024,-3,2021
2007-11-11,Deportivo La Coruña,1897,-12,1885,Racing Santander,1929,12,1941
2007-11-11,Real Valladolid,1874,6,1880,Levante UD,1806,-6,1800
2007-11-10,Getafe CF,1969,20,1989,FC Barcelona,2190,-20,2170
2007-11-10,Valencia CF,1979,6,1985,Real Murcia,1797,-6,1791
2007-11-04,Atlético Madrid,2036,-12,2024,Villarreal CF,2055,12,2067
2007-11-04,FC Barcelona,2181,3,2184,Real Betis,1878,-3,1875
2007-11-04,Racing Santander,1929,0,1929,Espanyol Barcelona,2020,0,2020
2007-11-04,CA Osasuna,1989,-21,1968,Getafe CF,1948,21,1969
2007-11-04,Real Zaragoza,1996,-16,1980,Real Valladolid,1858,16,1874
2007-11-04,Athletic Bilbao,1876,12,1888,Recreativo Huelva,1914,-12,1902
2007-11-04,Real Murcia,1813,-16,1797,Deportivo La Coruña,1881,16,1897
2007-11-04,Levante UD,1791,15,1806,UD Almería,1842,-15,1827
2007-11-03,Sevilla FC,2099,13,2112,Real Madrid,2164,-13,2151
2007-11-03,RCD Mallorca,1960,-17,1943,Valencia CF,2002,17,2019
2007-11-01,Real Valladolid,1852,6,1858,FC Barcelona,2187,-6,2181
2007-11-01,Espanyol Barcelona,2027,-7,2020,Real Murcia,1806,7,1813
2007-10-31,Valencia CF,2019,-17,2002,Real Madrid,2147,17,2164
2007-10-31,Atlético Madrid,2026,10,2036,Sevilla FC,2109,-10,2099
2007-10-31,Real Betis,1897,-19,1878,CA Osasuna,1970,19,1989
2007-10-31,Villarreal CF,2051,4,2055,Levante UD,1795,-4,1791
2007-10-31,Recreativo Huelva,1917,-3,1914,Racing Santander,1926,3,1929
2007-10-31,Deportivo La Coruña,1882,-1,1881,RCD Mallorca,1959,1,1960
2007-10-31,UD Almería,1851,-9,1842,Real Zaragoza,1987,9,1996
2007-10-31,Getafe CF,1939,9,1948,Athletic Bilbao,1885,-9,1876
2007-10-28,Sevilla FC,2100,9,2109,Valencia CF,2028,-9,2019
2007-10-28,Real Zaragoza,1970,17,1987,Villarreal CF,2068,-17,2051
2007-10-28,FC Barcelona,2185,2,2187,UD Almería,1853,-2,1851
2007-10-28,Real Madrid,2144,3,2147,Deportivo La Coruña,1885,-3,1882
2007-10-28,Racing Santander,1914,12,1926,Getafe CF,1951,-12,1939
2007-10-28,CA Osasuna,1976,-6,1970,Real Valladolid,1846,6,1852
2007-10-28,Levante UD,1802,-7,1795,Atlético Madrid,2019,7,2026
2007-10-28,Real Murcia,1795,11,1806,Recreativo Huelva,1928,-11,1917
2007-10-27,RCD Mallorca,1960,-1,1959,Espanyol Barcelona,2026,1,2027
2007-10-27,Athletic Bilbao,1888,-3,1885,Real Betis,1894,3,1897
2007-10-21,Atlético Madrid,2010,12,2022,Real Zaragoza,1982,-12,1970
2007-10-21,Recreativo Huelva,1947,-19,1928,RCD Mallorca,1941,19,1960
2007-10-21,UD Almería,1836,17,1853,CA Osasuna,1993,-17,1976
2007-10-21,Real Betis,1896,-2,1894,Racing Santander,1912,2,1914
2007-10-21,Real Valladolid,1858,-12,1846,Athletic Bilbao,1876,12,1888
2007-10-21,Getafe CF,1927,6,1933,Real Murcia,1801,-6,1795
2007-10-20,Villarreal CF,2056,17,2073,FC Barcelona,2207,-17,2190
2007-10-20,Espanyol Barcelona,2015,11,2026,Real Madrid,2148,-11,2137
2007-10-20,Deportivo La Coruña,1898,-13,1885,Valencia CF,2051,13,2064
2007-10-20,Levante UD,1810,-8,1802,Sevilla FC,2088,8,2096
2007-10-07,FC Barcelona,2201,6,2207,Atlético Madrid,2016,-6,2010
2007-10-07,Real Madrid,2143,5,2148,Recreativo Huelva,1952,-5,1947
2007-10-07,CA Osasuna,1983,10,1993,Villarreal CF,2066,-10,2056
2007-10-07,Sevilla FC,2105,-17,2088,Deportivo La Coruña,1881,17,1898
2007-10-07,RCD Mallorca,1930,11,1941,Getafe CF,1938,-11,1927
2007-10-07,Real Zaragoza,1976,6,1982,Levante UD,1816,-6,1810
2007-10-07,Racing Santander,1903,9,1912,Real Valladolid,1867,-9,1858
2007-10-07,Athletic Bilbao,1880,-4,1876,UD Almería,1832,4,1836
2007-10-07,Real Murcia,1801,0,1801,Real Betis,1896,0,1896
2007-10-06,Valencia CF,2065,-14,2051,Espanyol Barcelona,2001,14,2015
2007-09-30,Getafe CF,1959,-8,1951,Real Madrid,2138,8,2146
2007-09-30,Recreativo Huelva,1962,-10,1952,Valencia CF,2070,10,2080
2007-09-30,Atlético Madrid,1997,11,2008,CA Osasuna,1994,-11,1983
2007-09-30,Villarreal CF,2057,3,2060,Athletic Bilbao,1883,-3,1880
2007-09-30,Espanyol Barcelona,1996,5,2001,Deportivo La Coruña,1886,-5,1881
2007-09-30,Real Betis,1880,16,1896,RCD Mallorca,1946,-16,1930
2007-09-30,UD Almería,1843,-11,1832,Racing Santander,1892,11,1903
2007-09-30,Real Valladolid,1894,-27,1867,Real Murcia,1774,27,1801
2007-09-29,Real Zaragoza,1956,18,1974,Sevilla FC,2117,-18,2099
2007-09-29,Levante UD,1823,-7,1816,FC Barcelona,2178,7,2185
2007-09-27,Real Madrid,2135,3,2138,Real Betis,1883,-3,1880
2007-09-26,FC Barcelona,2173,5,2178,Real Zaragoza,1961,-5,1956
2007-09-26,Valencia CF,2065,5,2070,Getafe CF,1964,-5,1959
2007-09-26,Racing Santander,1905,-13,1892,Villarreal CF,2044,13,2057
2007-09-26,Athletic Bilbao,1899,-16,1883,Atlético Madrid,1981,16,1997
2007-09-26,Deportivo La Coruña,1904,-18,1886,Recreativo Huelva,1944,18,1962
2007-09-26,RCD Mallorca,1937,9,1946,Real Valladolid,1903,-9,1894
2007-09-26,CA Osasuna,1988,6,1994,Levante UD,1829,-6,1823
2007-09-26,Real Murcia,1786,-12,1774,UD Almería,1831,12,1843
2007-09-25,Sevilla FC,2133,-16,2117,Espanyol Barcelona,1980,16,1996
2007-09-23,Real Valladolid,1899,4,1903,Real Madrid,2139,-4,2135
2007-09-23,Real Zaragoza,1953,8,1961,CA Osasuna,1996,-8,1988
2007-09-23,Real Betis,1891,-8,1883,Valencia CF,2057,8,2065
2007-09-23,Atlético Madrid,1970,11,1981,Racing Santander,1916,-11,1905
2007-09-23,Getafe CF,1968,-4,1964,Deportivo La Coruña,1900,4,1904
2007-09-23,Villarreal CF,2041,3,2044,Real Murcia,1789,-3,1786
2007-09-23,UD Almería,1831,0,1831,RCD Mallorca,1937,0,1937
2007-09-23,Levante UD,1841,-12,1829,Athletic Bilbao,1887,12,1899
2007-09-22,FC Barcelona,2167,6,2173,Sevilla FC,2139,-6,2133
2007-09-22,Recreativo Huelva,1935,9,1944,Espanyol Barcelona,1989,-9,1980
2007-09-16,CA Osasuna,1994,2,1996,FC Barcelona,2155,-2,2153
2007-09-16,Sevilla FC,2153,5,2158,Recreativo Huelva,1940,-5,1935
2007-09-16,RCD Mallorca,1948,-11,1937,Villarreal CF,2027,11,2038
2007-09-16,Espanyol Barcelona,1982,7,1989,Getafe CF,1969,-7,1962
2007-09-16,Deportivo La Coruña,1893,7,1900,Real Betis,1898,-7,1891
2007-09-16,Racing Santander,1910,6,1916,Levante UD,1847,-6,1841
2007-09-16,Real Murcia,1787,2,1789,Atlético Madrid,1968,-2,1966
2007-09-15,Real Madrid,2129,3,2132,UD Almería,1834,-3,1831
2007-09-15,Valencia CF,2034,4,2038,Real Valladolid,1903,-4,1899
2007-09-15,Athletic Bilbao,1887,0,1887,Real Zaragoza,1973,0,1973
2007-09-02,Villarreal CF,2050,-23,2027,Real Madrid,2106,23,2129
2007-09-02,FC Barcelona,2152,3,2155,Athletic Bilbao,1890,-3,1887
2007-09-02,Atlético Madrid,1972,-4,1968,RCD Mallorca,1944,4,1948
2007-09-02,Getafe CF,1973,-4,1969,Recreativo Huelva,1936,4,1940
2007-09-02,Real Betis,1899,-1,1898,Espanyol Barcelona,1981,1,1982
2007-09-02,UD Almería,1842,-8,1834,Valencia CF,2026,8,2034
2007-09-02,Real Valladolid,1906,-3,1903,Deportivo La Coruña,1890,3,1893
2007-09-01,Real Zaragoza,1978,-5,1973,Racing Santander,1905,5,1910
2007-09-01,Levante UD,1852,-5,1847,Real Murcia,1782,5,1787
2007-08-26,Valencia CF,2042,-23,2019,Villarreal CF,2027,23,2050
2007-08-26,Racing Santander,1901,4,1905,FC Barcelona,2156,-4,2152
2007-08-26,Espanyol Barcelona,1996,-15,1981,Real Valladolid,1891,15,1906
2007-08-26,Athletic Bilbao,1890,0,1890,CA Osasuna,1994,0,1994
2007-08-26,Recreativo Huelva,1940,-4,1936,Real Betis,1895,4,1899
2007-08-26,RCD Mallorca,1935,9,1944,Levante UD,1861,-9,1852
2007-08-26,Deportivo La Coruña,1917,-27,1890,UD Almería,1815,27,1842
2007-08-25,Sevilla FC,2163,6,2169,Getafe CF,1979,-6,1973
2007-08-25,Real Madrid,2102,4,2106,Atlético Madrid,1972,-4,1968
2007-08-25,Real Murcia,1769,13,1782,Real Zaragoza,1991,-13,1978
2009-05-31,CA Osasuna,1915,12,1927,Real Madrid,2082,-12,2070
2009-05-31,CD Numancia,1790,-8,1782,Sevilla FC,2067,8,2075
2009-05-31,Espanyol Barcelona,1950,11,1961,Málaga CF,1906,-11,1895
2009-05-31,Racing Santander,1937,-4,1933,Getafe CF,1910,4,1914
2009-05-31,Real Betis,1922,-4,1918,Real Valladolid,1874,4,1878
2009-05-31,Sporting Gijón,1812,8,1820,Recreativo Huelva,1840,-8,1832
2009-05-30,Deportivo La Coruña,1931,6,1937,FC Barcelona,2249,-6,2243
2009-05-30,RCD Mallorca,2037,-13,2024,Villarreal CF,2011,13,2024
2009-05-30,Atlético Madrid,2065,6,2071,UD Almería,1899,-6,1893
2009-05-30,Valencia CF,2008,7,2015,Athletic Bilbao,1914,-7,1907
2009-05-24,Real Madrid,2105,-23,2082,RCD Mallorca,2014,23,2037
2009-05-23,FC Barcelona,2243,-19,2224,CA Osasuna,1896,19,1915
2009-05-23,Villarreal CF,1999,12,2011,Valencia CF,2020,-12,2008
2009-05-23,Sevilla FC,2063,4,2067,Deportivo La Coruña,1935,-4,1931
2009-05-23,Athletic Bilbao,1931,-17,1914,Atlético Madrid,2048,17,2065
2009-05-23,UD Almería,1921,-22,1899,Espanyol Barcelona,1928,22,1950
2009-05-23,Málaga CF,1909,-3,1906,Real Betis,1919,3,1922
2009-05-23,Recreativo Huelva,1851,-11,1840,Racing Santander,1926,11,1937
2009-05-23,Getafe CF,1905,5,1910,CD Numancia,1795,-5,1790
2009-05-23,Real Valladolid,1889,-15,1874,Sporting Gijón,1797,15,1812
2009-05-17,RCD Mallorca,2000,14,2014,FC Barcelona,2257,-14,2243
2009-05-17,Atlético Madrid,2041,7,2048,Valencia CF,2027,-7,2020
2009-05-17,Espanyol Barcelona,1920,8,1928,Athletic Bilbao,1939,-8,1931
2009-05-17,Real Betis,1907,12,1919,UD Almería,1933,-12,1921
2009-05-17,Racing Santander,1919,7,1926,Real Valladolid,1896,-7,1889
2009-05-17,Sporting Gijón,1786,11,1797,Málaga CF,1920,-11,1909
2009-05-17,CD Numancia,1786,9,1795,Recreativo Huelva,1860,-9,1851
2009-05-16,Villarreal CF,1988,11,1999,Real Madrid,2116,-11,2105
2009-05-16,CA Osasuna,1894,2,1896,Sevilla FC,2065,-2,2063
2009-05-16,Deportivo La Coruña,1939,-4,1935,Getafe CF,1901,4,1905
2009-05-10,FC Barcelona,2260,-8,2252,Villarreal CF,1980,8,1988
2009-05-10,Atlético Madrid,2036,5,2041,Espanyol Barcelona,1925,-5,1920
2009-05-10,Málaga CF,1912,8,1920,Racing Santander,1927,-8,1919
2009-05-10,Recreativo Huelva,1871,-11,1860,Deportivo La Coruña,1928,11,1939
2009-05-10,Getafe CF,1888,13,1901,CA Osasuna,1907,-13,1894
2009-05-10,UD Almería,1927,6,1933,Sporting Gijón,1792,-6,1786
2009-05-10,Real Valladolid,1902,-6,1896,CD Numancia,1780,6,1786
2009-05-09,Valencia CF,2008,19,2027,Real Madrid,2135,-19,2116
2009-05-09,Sevilla FC,2056,9,2065,RCD Mallorca,2009,-9,2000
2009-05-09,Athletic Bilbao,1937,7,1944,Real Betis,1914,-7,1907
2009-05-03,Real Betis,1929,-15,1914,Atlético Madrid,2021,15,2036
2009-05-03,Espanyol Barcelona,1906,19,1925,Valencia CF,2027,-19,2008
2009-05-03,RCD Mallorca,2004,5,2009,Getafe CF,1893,-5,1888
2009-05-03,Racing Santander,1948,-21,1927,UD Almería,1906,21,1927
2009-05-03,Deportivo La Coruña,1921,7,1928,Real Valladolid,1909,-7,1902
2009-05-03,CA Osasuna,1921,-14,1907,Recreativo Huelva,1857,14,1871
2009-05-03,Sporting Gijón,1791,1,1792,Athletic Bilbao,1938,-1,1937
2009-05-02,Real Madrid,2155,-20,2135,FC Barcelona,2237,20,2257
2009-05-02,Villarreal CF,1998,-18,1980,Sevilla FC,2038,18,2056
2009-05-02,CD Numancia,1762,18,1780,Málaga CF,1930,-18,1912
2009-04-26,Sevilla FC,2054,-16,2038,Real Madrid,2139,16,2155
2009-04-26,Getafe CF,1903,-10,1893,Villarreal CF,1988,10,1998
2009-04-26,Athletic Bilbao,1930,8,1938,Racing Santander,1956,-8,1948
2009-04-26,Recreativo Huelva,1871,-14,1857,RCD Mallorca,1990,14,2004
2009-04-26,Espanyol Barcelona,1893,13,1906,Real Betis,1942,-13,1929
2009-04-26,Real Valladolid,1912,-3,1909,CA Osasuna,1918,3,1921
2009-04-26,Atlético Madrid,2017,4,2021,Sporting Gijón,1795,-4,1791
2009-04-25,Valencia CF,2024,3,2027,FC Barcelona,2245,-3,2242
2009-04-25,Málaga CF,1933,-3,1930,Deportivo La Coruña,1918,3,1921
2009-04-25,UD Almería,1902,4,1906,CD Numancia,1766,-4,1762
2009-04-23,Racing Santander,1937,19,1956,Atlético Madrid,2036,-19,2017
2009-04-23,RCD Mallorca,1981,9,1990,Real Valladolid,1921,-9,1912
2009-04-23,Villarreal CF,1983,5,1988,Recreativo Huelva,1876,-5,1871
2009-04-23,Sporting Gijón,1815,-20,1795,Espanyol Barcelona,1873,20,1893
2009-04-22,FC Barcelona,2239,6,2245,Sevilla FC,2060,-6,2054
2009-04-22,Real Betis,1953,-11,1942,Valencia CF,2013,11,2024
2009-04-22,CA Osasuna,1931,-13,1918,Málaga CF,1920,13,1933
2009-04-22,Deportivo La Coruña,1907,11,1918,UD Almería,1913,-11,1902
2009-04-21,Real Madrid,2136,3,2139,Getafe CF,1906,-3,1903
2009-04-21,CD Numancia,1775,-9,1766,Athletic Bilbao,1921,9,1930
2009-04-19,Valencia CF,1999,14,2013,Sevilla FC,2074,-14,2060
2009-04-19,Real Valladolid,1922,-1,1921,Villarreal CF,1982,1,1983
2009-04-19,UD Almería,1905,8,1913,CA Osasuna,1939,-8,1931
2009-04-19,Espanyol Barcelona,1863,10,1873,Racing Santander,1947,-10,1937
2009-04-19,Real Betis,1947,6,1953,Sporting Gijón,1821,-6,1815
2009-04-18,Getafe CF,1910,-4,1906,FC Barcelona,2235,4,2239
2009-04-18,Recreativo Huelva,1882,-6,1876,Real Madrid,2130,6,2136
2009-04-18,Málaga CF,1921,-1,1920,RCD Mallorca,1980,1,1981
2009-04-18,Athletic Bilbao,1935,-14,1921,Deportivo La Coruña,1893,14,1907
2009-04-18,Atlético Madrid,2032,4,2036,CD Numancia,1779,-4,1775
2009-04-12,Real Madrid,2125,5,2130,Real Valladolid,1927,-5,1922
2009-04-12,Sevilla FC,2091,-17,2074,Getafe CF,1893,17,1910
2009-04-12,Deportivo La Coruña,1902,-9,1893,Atlético Madrid,2023,9,2032
2009-04-12,Racing Santander,1961,-14,1947,Real Betis,1933,14,1947
2009-04-12,RCD Mallorca,1971,9,1980,UD Almería,1914,-9,1905
2009-04-12,CA Osasuna,1932,7,1939,Athletic Bilbao,1942,-7,1935
2009-04-12,Sporting Gijón,1829,-8,1821,Valencia CF,1991,8,1999
2009-04-12,CD Numancia,1779,0,1779,Espanyol Barcelona,1863,0,1863
2009-04-11,FC Barcelona,2234,2,2236,Recreativo Huelva,1884,-2,1882
2009-04-11,Villarreal CF,2015,-23,1992,Málaga CF,1898,23,1921
2009-04-05,Atlético Madrid,2047,-24,2023,CA Osasuna,1908,24,1932
2009-04-05,Valencia CF,1982,9,1991,Getafe CF,1902,-9,1893
2009-04-05,Sporting Gijón,1844,-15,1829,Racing Santander,1946,15,1961
2009-04-05,Espanyol Barcelona,1849,14,1863,Deportivo La Coruña,1916,-14,1902
2009-04-04,Real Valladolid,1932,-5,1927,FC Barcelona,2215,5,2220
2009-04-04,Málaga CF,1905,-7,1898,Real Madrid,2118,7,2125
2009-04-04,Recreativo Huelva,1891,-7,1884,Sevilla FC,2084,7,2091
2009-04-04,UD Almería,1895,19,1914,Villarreal CF,2034,-19,2015
2009-04-04,Athletic Bilbao,1934,8,1942,RCD Mallorca,1979,-8,1971
2009-04-04,Real Betis,1939,-6,1933,CD Numancia,1773,6,1779
2009-03-22,FC Barcelona,2211,4,2215,Málaga CF,1909,-4,1905
2009-03-22,RCD Mallorca,1964,15,1979,Atlético Madrid,2062,-15,2047
2009-03-22,Real Madrid,2113,5,2118,UD Almería,1900,-5,1895
2009-03-22,Racing Santander,1958,-12,1946,Valencia CF,1970,12,1982
2009-03-22,Deportivo La Coruña,1918,-2,1916,Real Betis,1937,2,1939
2009-03-22,Getafe CF,1895,7,1902,Recreativo Huelva,1898,-7,1891
2009-03-22,CA Osasuna,1902,6,1908,Espanyol Barcelona,1855,-6,1849
2009-03-22,CD Numancia,1763,10,1773,Sporting Gijón,1854,-10,1844
2009-03-21,Sevilla FC,2077,7,2084,Real Valladolid,1939,-7,1932
2009-03-21,Villarreal CF,2026,8,2034,Athletic Bilbao,1942,-8,1934
2009-03-15,UD Almería,1907,-7,1900,FC Barcelona,2204,7,2211
2009-03-15,Atlético Madrid,2055,7,2062,Villarreal CF,2033,-7,2026
2009-03-15,Málaga CF,1907,2,1909,Sevilla FC,2079,-2,2077
2009-03-15,Real Betis,1941,-4,1937,CA Osasuna,1898,4,1902
2009-03-15,Real Valladolid,1933,6,1939,Getafe CF,1901,-6,1895
2009-03-15,Espanyol Barcelona,1855,0,1855,RCD Mallorca,1964,0,1964
2009-03-15,Sporting Gijón,1845,9,1854,Deportivo La Coruña,1927,-9,1918
2009-03-15,Racing Santander,1951,7,1958,CD Numancia,1770,-7,1763
2009-03-14,Athletic Bilbao,1957,-15,1942,Real Madrid,2098,15,2113
2009-03-14,Valencia CF,1975,-5,1970,Recreativo Huelva,1893,5,1898
2009-03-08,Sevilla FC,2075,4,2079,UD Almería,1911,-4,1907
2009-03-08,RCD Mallorca,1968,-4,1964,Real Betis,1937,4,1941
2009-03-08,Deportivo La Coruña,1914,13,1927,Racing Santander,1964,-13,1951
2009-03-08,Recreativo Huelva,1905,-12,1893,Real Valladolid,1921,12,1933
2009-03-08,Getafe CF,1914,-13,1901,Málaga CF,1894,13,1907
2009-03-08,CD Numancia,1756,14,1770,Valencia CF,1989,-14,1975
2009-03-08,CA Osasuna,1913,-15,1898,Sporting Gijón,1830,15,1845
2009-03-07,Real Madrid,2118,-5,2113,Atlético Madrid,2046,5,2051
2009-03-07,FC Barcelona,2190,4,2194,Athletic Bilbao,1961,-4,1957
2009-03-07,Villarreal CF,2013,4,2017,Espanyol Barcelona,1859,-4,1855
2009-03-01,Atlético Madrid,2034,12,2046,FC Barcelona,2206,-12,2194
2009-03-01,Real Betis,1938,-1,1937,Villarreal CF,2012,1,2013
2009-03-01,Valencia CF,2004,-15,1989,Real Valladolid,1906,15,1921
2009-03-01,Racing Santander,1968,-4,1964,CA Osasuna,1909,4,1913
2009-03-01,UD Almería,1903,8,1911,Getafe CF,1922,-8,1914
2009-03-01,Málaga CF,1914,-20,1894,Recreativo Huelva,1885,20,1905
2009-03-01,Sporting Gijón,1840,-10,1830,RCD Mallorca,1954,10,1964
2009-03-01,CD Numancia,1765,-9,1756,Deportivo La Coruña,1905,9,1914
2009-02-28,Athletic Bilbao,1950,-9,1941,Sevilla FC,2086,9,2095
2009-02-28,Espanyol Barcelona,1868,-9,1859,Real Madrid,2109,9,2118
2009-02-22,Deportivo La Coruña,1933,-1,1932,Valencia CF,2007,1,2008
2009-02-22,RCD Mallorca,1946,8,1954,Racing Santander,1976,-8,1968
2009-02-22,Getafe CF,1924,-2,1922,Athletic Bilbao,1948,2,1950
2009-02-22,Real Valladolid,1927,-21,1906,Málaga CF,1893,21,1914
2009-02-22,Recreativo Huelva,1887,-2,1885,UD Almería,1901,2,1903
2009-02-22,CA Osasuna,1903,6,1909,CD Numancia,1771,-6,1765
2009-02-21,Sevilla FC,2080,6,2086,Atlético Madrid,2045,-6,2039
2009-02-21,FC Barcelona,2226,-19,2207,Espanyol Barcelona,1849,19,1868
2009-02-21,Real Madrid,2119,7,2126,Real Betis,1945,-7,1938
2009-02-21,Villarreal CF,2016,3,2019,Sporting Gijón,1843,-3,1840
2009-02-15,Racing Santander,1978,-2,1976,Villarreal CF,2014,2,2016
2009-02-15,Atlético Madrid,2051,-6,2045,Getafe CF,1918,6,1924
2009-02-15,Sporting Gijón,1854,-11,1843,Real Madrid,2108,11,2119
2009-02-15,Espanyol Barcelona,1859,-10,1849,Sevilla FC,2070,10,2080
2009-02-15,Athletic Bilbao,1953,-5,1948,Recreativo Huelva,1882,5,1887
2009-02-15,UD Almería,1893,8,1901,Real Valladolid,1935,-8,1927
2009-02-15,CD Numancia,1779,-8,1771,RCD Mallorca,1938,8,1946
2009-02-14,Real Betis,1940,5,1945,FC Barcelona,2231,-5,2226
2009-02-14,Valencia CF,2010,-6,2004,Málaga CF,1887,6,1893
2009-02-14,Deportivo La Coruña,1960,-4,1956,CA Osasuna,1899,4,1903
2009-02-08,FC Barcelona,2229,2,2231,Sporting Gijón,1856,-2,1854
2009-02-08,Recreativo Huelva,1898,-16,1882,Atlético Madrid,2035,16,2051
2009-02-08,CA Osasuna,1888,11,1899,Valencia CF,2021,-11,2010
2009-02-08,RCD Mallorca,1940,-2,1938,Deportivo La Coruña,1958,2,1960
2009-02-08,Real Valladolid,1927,8,1935,Athletic Bilbao,1961,-8,1953
2009-02-08,Villarreal CF,2011,3,2014,CD Numancia,1782,-3,1779
2009-02-08,Málaga CF,1879,8,1887,UD Almería,1901,-8,1893
2009-02-08,Getafe CF,1922,-4,1918,Espanyol Barcelona,1855,4,1859
2009-02-07,Real Madrid,2104,4,2108,Racing Santander,1982,-4,1978
2009-02-07,Sevilla FC,2086,-16,2070,Real Betis,1924,16,1940
2009-02-01,Racing Santander,1988,-6,1982,FC Barcelona,2220,6,2226
2009-02-01,Deportivo La Coruña,1941,17,1958,Villarreal CF,2028,-17,2011
2009-02-01,Atlético Madrid,2051,-16,2035,Real Valladolid,1911,16,1927
2009-02-01,Sporting Gijón,1842,14,1856,Sevilla FC,2096,-14,2082
2009-02-01,Valencia CF,2016,5,2021,UD Almería,1906,-5,1901
2009-02-01,Real Betis,1927,-3,1924,Getafe CF,1919,3,1922
2009-02-01,CA Osasuna,1879,9,1888,RCD Mallorca,1952,-9,1943
2009-02-01,Espanyol Barcelona,1857,-2,1855,Recreativo Huelva,1896,2,1898
2009-01-31,CD Numancia,1789,-7,1782,Real Madrid,2097,7,2104
2009-01-31,Athletic Bilbao,1960,5,1965,Málaga CF,1884,-5,1879
2009-01-25,Sevilla FC,2114,-24,2090,Racing Santander,1964,24,1988
2009-01-25,Real Madrid,2093,4,2097,Deportivo La Coruña,1945,-4,1941
2009-01-25,RCD Mallorca,1935,15,1950,Valencia CF,2037,-15,2022
2009-01-25,Málaga CF,1882,2,1884,Atlético Madrid,2053,-2,2051
2009-01-25,UD Almería,1897,9,1906,Athletic Bilbao,1959,-9,1950
2009-01-25,Recreativo Huelva,1887,9,1896,Real Betis,1938,-9,1929
2009-01-25,Getafe CF,1908,11,1919,Sporting Gijón,1863,-11,1852
2009-01-25,Real Valladolid,1915,-4,1911,Espanyol Barcelona,1854,4,1858
2009-01-24,FC Barcelona,2217,2,2219,CD Numancia,1791,-2,1789
2009-01-24,Villarreal CF,2034,-6,2028,CA Osasuna,1873,6,1879
2009-01-18,Athletic Bilbao,1954,10,1964,Valencia CF,2037,-10,2027
2009-01-18,Real Madrid,2089,4,2093,CA Osasuna,1877,-4,1873
2009-01-18,Villarreal CF,2027,7,2034,RCD Mallorca,1934,-7,1927
2009-01-18,UD Almería,1895,2,1897,Atlético Madrid,2055,-2,2053
2009-01-18,Getafe CF,1920,-12,1908,Racing Santander,1952,12,1964
2009-01-18,Real Valladolid,1935,-20,1915,Real Betis,1926,20,1946
2009-01-18,Recreativo Huelva,1876,11,1887,Sporting Gijón,1869,-11,1858
2009-01-18,Málaga CF,1869,13,1882,Espanyol Barcelona,1860,-13,1847
2009-01-17,FC Barcelona,2220,4,2224,Deportivo La Coruña,1949,-4,1945
2009-01-17,Sevilla FC,2122,2,2124,CD Numancia,1793,-2,1791
2009-01-11,CA Osasuna,1890,-4,1886,FC Barcelona,2212,4,2216
2009-01-11,RCD Mallorca,1948,-16,1932,Real Madrid,2073,16,2089
2009-01-11,Atlético Madrid,2075,-16,2059,Athletic Bilbao,1929,16,1945
2009-01-11,Racing Santander,1965,-5,1960,Recreativo Huelva,1871,5,1876
2009-01-11,Sporting Gijón,1866,9,1875,Real Valladolid,1938,-9,1929
2009-01-11,Real Betis,1938,-15,1923,Málaga CF,1854,15,1869
2009-01-11,Espanyol Barcelona,1857,-2,1855,UD Almería,1895,2,1897
2009-01-11,CD Numancia,1775,18,1793,Getafe CF,1938,-18,1920
2009-01-10,Deportivo La Coruña,1978,-14,1964,Sevilla FC,2093,14,2107
2009-01-10,Valencia CF,2032,-3,2029,Villarreal CF,2024,3,2027
2009-01-04,Real Madrid,2067,6,2073,Villarreal CF,2030,-6,2024
2009-01-04,Sevilla FC,2095,-7,2088,CA Osasuna,1885,7,1892
2009-01-04,Getafe CF,1950,-12,1938,Deportivo La Coruña,1971,12,1983
2009-01-04,Real Valladolid,1966,-13,1953,Racing Santander,1953,13,1966
2009-01-04,UD Almería,1897,8,1905,Real Betis,1939,-8,1931
2009-01-04,Athletic Bilbao,1932,-5,1927,Espanyol Barcelona,1863,5,1868
2009-01-04,Málaga CF,1847,7,1854,Sporting Gijón,1858,-7,1851
2009-01-04,Recreativo Huelva,1863,8,1871,CD Numancia,1783,-8,1775
2009-01-03,FC Barcelona,2194,3,2197,RCD Mallorca,1941,-3,1938
2009-01-03,Valencia CF,2017,14,2031,Atlético Madrid,2104,-14,2090
2008-12-21,Villarreal CF,2039,-9,2030,FC Barcelona,2185,9,2194
2008-12-21,RCD Mallorca,1939,2,1941,Sevilla FC,2097,-2,2095
2008-12-21,Real Betis,1953,-14,1939,Athletic Bilbao,1918,14,1932
2008-12-21,CA Osasuna,1868,17,1885,Getafe CF,1967,-17,1950
2008-12-21,Deportivo La Coruña,1962,9,1971,Recreativo Huelva,1872,-9,1863
2008-12-21,Racing Santander,1959,-6,1953,Málaga CF,1841,6,1847
2008-12-21,Sporting Gijón,1849,9,1858,UD Almería,1906,-9,1897
2008-12-21,CD Numancia,1770,13,1783,Real Valladolid,1979,-13,1966
2008-12-20,Real Madrid,2061,6,2067,Valencia CF,2023,-6,2017
2008-12-20,Espanyol Barcelona,1869,-6,1863,Atlético Madrid,2098,6,2104
2008-12-14,Sevilla FC,2106,6,2112,Villarreal CF,2045,-6,2039
2008-12-14,Atlético Madrid,2092,6,2098,Real Betis,1959,-6,1953
2008-12-14,Real Valladolid,1966,13,1979,Deportivo La Coruña,1969,-13,1956
2008-12-14,Getafe CF,1955,12,1967,RCD Mallorca,1951,-12,1939
2008-12-14,UD Almería,1908,-2,1906,Racing Santander,1944,2,1946
2008-12-14,Athletic Bilbao,1907,11,1918,Sporting Gijón,1860,-11,1849
2008-12-14,Recreativo Huelva,1864,8,1872,CA Osasuna,1876,-8,1868
2008-12-14,Málaga CF,1832,9,1841,CD Numancia,1779,-9,1770
2008-12-13,FC Barcelona,2178,7,2185,Real Madrid,2068,-7,2061
2008-12-13,Valencia CF,2022,4,2026,Espanyol Barcelona,1873,-4,1869
2008-12-07,Real Madrid,2068,-12,2056,Sevilla FC,2094,12,2106
2008-12-07,Racing Santander,1948,-4,1944,Athletic Bilbao,1903,4,1907
2008-12-07,CA Osasuna,1876,0,1876,Real Valladolid,1966,0,1966
2008-12-07,Real Betis,1964,-5,1959,Espanyol Barcelona,1868,5,1873
2008-12-07,RCD Mallorca,1967,-16,1951,Recreativo Huelva,1848,16,1864
2008-12-07,Deportivo La Coruña,1963,6,1969,Málaga CF,1838,-6,1832
2008-12-07,CD Numancia,1767,12,1779,UD Almería,1920,-12,1908
2008-12-06,FC Barcelona,2198,7,2205,Valencia CF,2029,-7,2022
2008-12-06,Villarreal CF,2076,-6,2070,Getafe CF,1949,6,1955
2008-12-06,Sporting Gijón,1872,-12,1860,Atlético Madrid,2082,12,2094
2008-11-30,Atlético Madrid,2074,8,2082,Racing Santander,1956,-8,1948
2008-11-30,Valencia CF,2032,6,2038,Real Betis,1970,-6,1964
2008-11-30,Real Valladolid,1952,14,1966,RCD Mallorca,1981,-14,1967
2008-11-30,Recreativo Huelva,1855,-7,1848,Villarreal CF,2069,7,2076
2008-11-30,UD Almería,1932,-12,1920,Deportivo La Coruña,1955,12,1967
2008-11-30,Espanyol Barcelona,1881,-13,1868,Sporting Gijón,1859,13,1872
2008-11-30,Málaga CF,1824,14,1838,CA Osasuna,1890,-14,1876
2008-11-30,Athletic Bilbao,1896,7,1903,CD Numancia,1774,-7,1767
2008-11-29,Sevilla FC,2108,-19,2089,FC Barcelona,2179,19,2198
2008-11-29,Getafe CF,1932,17,1949,Real Madrid,2085,-17,2068
2008-11-23,FC Barcelona,2167,-8,2159,Getafe CF,1924,8,1932
2008-11-23,Deportivo La Coruña,1937,10,1947,Athletic Bilbao,1906,-10,1896
2008-11-23,CD Numancia,1769,5,1774,Atlético Madrid,2074,-5,2069
2008-11-23,Racing Santander,1943,10,1953,Espanyol Barcelona,1891,-10,1881
2008-11-23,Sporting Gijón,1869,-10,1859,Real Betis,1960,10,1970
2008-11-23,CA Osasuna,1876,14,1890,UD Almería,1946,-14,1932
2008-11-23,RCD Mallorca,1987,-6,1981,Málaga CF,1818,6,1824
2008-11-22,Sevilla FC,2113,-5,2108,Valencia CF,2015,5,2020
2008-11-22,Villarreal CF,2095,-29,2066,Real Valladolid,1923,29,1952
2008-11-22,Real Madrid,2076,3,2079,Recreativo Huelva,1858,-3,1855
2008-11-16,Getafe CF,1936,-12,1924,Sevilla FC,2101,12,2113
2008-11-16,Recreativo Huelva,1865,-7,1858,FC Barcelona,2160,7,2167
2008-11-16,Atlético Madrid,2066,8,2074,Deportivo La Coruña,1945,-8,1937
2008-11-16,UD Almería,1937,9,1946,RCD Mallorca,1996,-9,1987
2008-11-16,Málaga CF,1813,5,1818,Villarreal CF,2100,-5,2095
2008-11-16,Real Betis,1949,11,1960,Racing Santander,1954,-11,1943
2008-11-16,Athletic Bilbao,1896,10,1906,CA Osasuna,1886,-10,1876
2008-11-16,Espanyol Barcelona,1907,-16,1891,CD Numancia,1753,16,1769
2008-11-15,Real Valladolid,1911,12,1923,Real Madrid,2088,-12,2076
2008-11-15,Valencia CF,2032,-17,2015,Sporting Gijón,1852,17,1869
2008-11-09,Villarreal CF,2106,3,2109,UD Almería,1934,-3,1931
2008-11-09,Getafe CF,1965,-20,1945,Valencia CF,2012,20,2032
2008-11-09,Sevilla FC,2096,3,2099,Recreativo Huelva,1860,-3,1857
2008-11-09,CA Osasuna,1874,3,1877,Atlético Madrid,2069,-3,2066
2008-11-09,RCD Mallorca,1996,-5,1991,Athletic Bilbao,1899,5,1904
2008-11-09,Deportivo La Coruña,1936,6,1942,Espanyol Barcelona,1907,-6,1901
2008-11-09,Racing Santander,1945,5,1950,Sporting Gijón,1849,-5,1844
2008-11-09,CD Numancia,1774,-13,1761,Real Betis,1931,13,1944
2008-11-08,FC Barcelona,2154,6,2160,Real Valladolid,1923,-6,1917
2008-11-08,Real Madrid,2085,2,2087,Málaga CF,1820,-2,1818
2008-11-02,UD Almería,1931,3,1934,Real Madrid,2120,-3,2117
2008-11-02,Real Valladolid,1910,13,1923,Sevilla FC,2125,-13,2112
2008-11-02,Real Betis,1955,-24,1931,Deportivo La Coruña,1912,24,1936
2008-11-02,Recreativo Huelva,1860,0,1860,Getafe CF,1965,0,1965
2008-11-02,Espanyol Barcelona,1900,7,1907,CA Osasuna,1881,-7,1874
2008-11-02,Sporting Gijón,1840,9,1849,CD Numancia,1783,-9,1774
2008-11-01,Atlético Madrid,2051,9,2060,RCD Mallorca,2005,-9,1996
2008-11-01,Athletic Bilbao,1912,-13,1899,Villarreal CF,2103,13,2116
2008-11-01,Málaga CF,1827,-7,1820,FC Barcelona,2159,7,2166
2008-11-01,Valencia CF,2044,-23,2021,Racing Santander,1922,23,1945
2008-10-26,Villarreal CF,2143,-5,2138,Atlético Madrid,2046,5,2051
2008-10-26,Real Madrid,2135,3,2138,Athletic Bilbao,1906,-3,1903
2008-10-26,Sevilla FC,2162,-19,2143,Málaga CF,1806,19,1825
2008-10-26,Recreativo Huelva,1867,2,1869,Valencia CF,2046,-2,2044
2008-10-26,RCD Mallorca,1998,9,2007,Espanyol Barcelona,1911,-9,1902
2008-10-26,Getafe CF,1964,6,1970,Real Valladolid,1896,-6,1890
2008-10-26,Deportivo La Coruña,1932,-28,1904,Sporting Gijón,1800,28,1828
2008-10-26,CD Numancia,1783,12,1795,Racing Santander,1947,-12,1935
2008-10-25,FC Barcelona,2154,5,2159,UD Almería,1928,-5,1923
2008-10-25,CA Osasuna,1894,-18,1876,Real Betis,1925,18,1943
2008-10-19,UD Almería,1935,-7,1928,Sevilla FC,2150,7,2157
2008-10-19,Athletic Bilbao,1913,-7,1906,FC Barcelona,2127,7,2134
2008-10-19,Real Betis,1907,18,1925,RCD Mallorca,2016,-18,1998
2008-10-19,Racing Santander,1961,-3,1958,Deportivo La Coruña,1946,3,1949
2008-10-19,Valencia CF,2042,4,2046,CD Numancia,1787,-4,1783
2008-10-19,Málaga CF,1794,12,1806,Getafe CF,1976,-12,1964
2008-10-19,Real Valladolid,1900,-4,1896,Recreativo Huelva,1863,4,1867
2008-10-19,Sporting Gijón,1790,10,1800,CA Osasuna,1904,-10,1894
2008-10-18,Atlético Madrid,2053,-10,2043,Real Madrid,2141,10,2151
2008-10-18,Espanyol Barcelona,1907,4,1911,Villarreal CF,2144,-4,2140
2008-10-05,Sevilla FC,2145,5,2150,Athletic Bilbao,1918,-5,1913
2008-10-05,Real Madrid,2149,-8,2141,Espanyol Barcelona,1899,8,1907
2008-10-05,Real Valladolid,1909,-9,1900,Valencia CF,2033,9,2042
2008-10-05,Getafe CF,1980,-4,1976,UD Almería,1931,4,1935
2008-10-05,CA Osasuna,1916,-12,1904,Racing Santander,1949,12,1961
2008-10-05,RCD Mallorca,2043,-27,2016,Sporting Gijón,1763,27,1790
2008-10-05,Deportivo La Coruña,1942,4,1946,CD Numancia,1791,-4,1787
2008-10-05,Recreativo Huelva,1893,-30,1863,Málaga CF,1764,30,1794
2008-10-04,FC Barcelona,2115,12,2127,Atlético Madrid,2065,-12,2053
2008-10-04,Villarreal CF,2141,3,2144,Real Betis,1910,-3,1907
2008-09-28,Atlético Madrid,2069,-11,2058,Sevilla FC,2124,11,2135
2008-09-28,Racing Santander,1956,-11,1945,RCD Mallorca,2032,11,2043
2008-09-28,Valencia CF,2023,8,2031,Deportivo La Coruña,1946,-8,1938
2008-09-28,Athletic Bilbao,1930,-12,1918,Getafe CF,1968,12,1980
2008-09-28,UD Almería,1924,7,1931,Recreativo Huelva,1900,-7,1893
2008-09-28,CD Numancia,1790,1,1791,CA Osasuna,1917,-1,1916
2008-09-28,Málaga CF,1752,12,1764,Real Valladolid,1921,-12,1909
2008-09-27,Real Betis,1917,-7,1910,Real Madrid,2131,7,2138
2008-09-27,Espanyol Barcelona,1907,-8,1899,FC Barcelona,2094,8,2102
2008-09-27,Sporting Gijón,1767,-4,1763,Villarreal CF,2132,4,2136
2008-09-25,Real Valladolid,1909,12,1921,UD Almería,1936,-12,1924
2008-09-25,Recreativo Huelva,1902,-2,1900,Athletic Bilbao,1928,2,1930
2008-09-25,RCD Mallorca,2028,4,2032,CD Numancia,1794,-4,1790
2008-09-25,Málaga CF,1761,-9,1752,Valencia CF,2014,9,2023
2008-09-24,Villarreal CF,2127,5,2132,Racing Santander,1961,-5,1956
2008-09-24,Getafe CF,1979,-11,1968,Atlético Madrid,2058,11,2069
2008-09-24,Sevilla FC,2120,4,2124,Espanyol Barcelona,1911,-4,1907
2008-09-24,FC Barcelona,2091,3,2094,Real Betis,1920,-3,1917
2008-09-24,Real Madrid,2128,3,2131,Sporting Gijón,1770,-3,1767
2008-09-24,CA Osasuna,1919,-2,1917,Deportivo La Coruña,1944,2,1946
2008-09-21,Racing Santander,1974,-13,1961,Real Madrid,2115,13,2128
2008-09-21,Real Betis,1917,3,1920,Sevilla FC,2123,-3,2120
2008-09-21,Deportivo La Coruña,1945,-1,1944,RCD Mallorca,2027,1,2028
2008-09-21,Valencia CF,2009,5,2014,CA Osasuna,1924,-5,1919
2008-09-21,CD Numancia,1798,-4,1794,Villarreal CF,2123,4,2127
2008-09-21,Sporting Gijón,1779,-9,1770,FC Barcelona,2082,9,2091
2008-09-21,Athletic Bilbao,1917,11,1928,Real Valladolid,1920,-11,1909
2008-09-21,UD Almería,1932,4,1936,Málaga CF,1765,-4,1761
2008-09-20,Atlético Madrid,2050,8,2058,Recreativo Huelva,1910,-8,1902
2008-09-20,Espanyol Barcelona,1912,-1,1911,Getafe CF,1978,1,1979
2008-09-14,Villarreal CF,2111,4,2115,Deportivo La Coruña,1979,-4,1975
2008-09-14,RCD Mallorca,2032,-5,2027,CA Osasuna,1919,5,1924
2008-09-14,UD Almería,1933,-1,1932,Valencia CF,2001,1,2002
2008-09-14,Real Madrid,2110,2,2112,CD Numancia,1800,-2,1798
2008-09-14,Getafe CF,1983,-5,1978,Real Betis,1912,5,1917
2008-09-14,Recreativo Huelva,1923,-13,1910,Espanyol Barcelona,1899,13,1912
2008-09-14,Málaga CF,1763,2,1765,Athletic Bilbao,1919,-2,1917
2008-09-13,FC Barcelona,2076,-5,2071,Racing Santander,1968,5,1973
2008-09-13,Real Valladolid,1909,11,1920,Atlético Madrid,2030,-11,2019
2008-09-13,Sevilla FC,2117,2,2119,Sporting Gijón,1781,-2,1779
2008-08-31,Deportivo La Coruña,1967,12,1979,Real Madrid,2122,-12,2110
2008-08-31,Racing Santander,1966,2,1968,Sevilla FC,2119,-2,2117
2008-08-31,CA Osasuna,1916,3,1919,Villarreal CF,2114,-3,2111
2008-08-31,CD Numancia,1785,15,1800,FC Barcelona,2091,-15,2076
2008-08-31,Athletic Bilbao,1939,-20,1919,UD Almería,1913,20,1933
2008-08-31,Real Betis,1925,-13,1912,Recreativo Huelva,1910,13,1923
2008-08-31,Atlético Madrid,2026,4,2030,Málaga CF,1767,-4,1763
2008-08-31,Sporting Gijón,1789,-8,1781,Getafe CF,1975,8,1983
2008-08-30,Valencia CF,1985,16,2001,RCD Mallorca,2048,-16,2032
2008-08-30,Espanyol Barcelona,1891,8,1899,Real Valladolid,1917,-8,1909
2010-05-16,FC Barcelona,2304,2,2306,Real Valladolid,1861,-2,1859
2010-05-16,Málaga CF,1885,6,1891,Real Madrid,2222,-6,2216
2010-05-16,Valencia CF,2037,3,2040,CD Tenerife,1831,-3,1828
2010-05-16,CA Osasuna,1890,-4,1886,Xerez CD,1839,4,1843
2010-05-16,Racing Santander,1876,9,1885,Sporting Gijón,1835,-9,1826
2010-05-15,Atlético Madrid,1979,-23,1956,Getafe CF,1972,23,1995
2010-05-15,RCD Mallorca,2001,7,2008,Espanyol Barcelona,1908,-7,1901
2010-05-15,UD Almería,1883,-9,1874,Sevilla FC,2025,9,2034
2010-05-15,Real Zaragoza,1910,-1,1909,Villarreal CF,1963,1,1964
2010-05-15,Athletic Bilbao,1905,10,1915,Deportivo La Coruña,1886,-10,1876
2010-05-08,Sevilla FC,2031,-6,2025,FC Barcelona,2298,6,2304
2010-05-08,Real Madrid,2219,3,2222,Athletic Bilbao,1908,-3,1905
2010-05-08,Villarreal CF,1948,15,1963,Valencia CF,2052,-15,2037
2010-05-08,Deportivo La Coruña,1875,11,1886,RCD Mallorca,2012,-11,2001
2010-05-08,Getafe CF,1967,5,1972,Málaga CF,1890,-5,1885
2010-05-08,Sporting Gijón,1834,1,1835,Atlético Madrid,1968,-1,1967
2010-05-08,Espanyol Barcelona,1901,7,1908,CA Osasuna,1897,-7,1890
2010-05-08,Xerez CD,1829,10,1839,Real Zaragoza,1920,-10,1910
2010-05-08,Real Valladolid,1853,8,1861,Racing Santander,1884,-8,1876
2010-05-08,CD Tenerife,1832,-1,1831,UD Almería,1882,1,1883
2010-05-05,RCD Mallorca,2025,-13,2012,Real Madrid,2206,13,2219
2010-05-05,Racing Santander,1902,-18,1884,Sevilla FC,2013,18,2031
2010-05-05,Atlético Madrid,1961,7,1968,Real Valladolid,1860,-7,1853
2010-05-05,Real Zaragoza,1913,7,1920,Espanyol Barcelona,1908,-7,1901
2010-05-05,Athletic Bilbao,1911,-3,1908,Málaga CF,1887,3,1890
2010-05-05,CA Osasuna,1886,11,1897,Deportivo La Coruña,1886,-11,1875
2010-05-04,FC Barcelona,2297,1,2298,CD Tenerife,1833,-1,1832
2010-05-04,Valencia CF,2048,4,2052,Xerez CD,1833,-4,1829
2010-05-04,UD Almería,1867,15,1882,Villarreal CF,1963,-15,1948
2010-05-04,Getafe CF,1973,-6,1967,Sporting Gijón,1828,6,1834
2010-05-02,Real Madrid,2204,2,2206,CA Osasuna,1888,-2,1886
2010-05-02,Sevilla FC,2004,9,2013,Atlético Madrid,1970,-9,1961
2010-05-02,Athletic Bilbao,1927,-16,1911,RCD Mallorca,2009,16,2025
2010-05-01,Villarreal CF,1971,-8,1963,FC Barcelona,2289,8,2297
2010-05-01,Espanyol Barcelona,1923,-15,1908,Valencia CF,2033,15,2048
2010-05-01,Real Valladolid,1860,0,1860,Getafe CF,1973,0,1973
2010-05-01,Deportivo La Coruña,1899,-13,1886,Real Zaragoza,1900,13,1913
2010-05-01,CD Tenerife,1823,10,1833,Racing Santander,1912,-10,1902
2010-05-01,Málaga CF,1891,-4,1887,Sporting Gijón,1824,4,1828
2010-05-01,Xerez CD,1824,9,1833,UD Almería,1876,-9,1867
2010-04-26,CA Osasuna,1890,-2,1888,Athletic Bilbao,1925,2,1927
2010-04-25,Getafe CF,1965,8,1973,Sevilla FC,2012,-8,2004
2010-04-25,RCD Mallorca,2015,-6,2009,Málaga CF,1885,6,1891
2010-04-25,Racing Santander,1924,-12,1912,Villarreal CF,1959,12,1971
2010-04-25,UD Almería,1888,-12,1876,Espanyol Barcelona,1911,12,1923
2010-04-25,Atlético Madrid,1970,6,1976,CD Tenerife,1829,-6,1823
2010-04-25,Sporting Gijón,1843,-19,1824,Real Valladolid,1841,19,1860
2010-04-24,FC Barcelona,2280,1,2281,Xerez CD,1825,-1,1824
2010-04-24,Real Zaragoza,1905,-5,1900,Real Madrid,2199,5,2204
2010-04-24,Valencia CF,2029,4,2033,Deportivo La Coruña,1903,-4,1899
2010-04-19,RCD Mallorca,2008,7,2015,CA Osasuna,1897,-7,1890
2010-04-18,Real Madrid,2193,6,2199,Valencia CF,2035,-6,2029
2010-04-18,Athletic Bilbao,1929,-4,1925,Real Zaragoza,1901,4,1905
2010-04-18,CD Tenerife,1817,12,1829,Getafe CF,1977,-12,1965
2010-04-18,Deportivo La Coruña,1906,-3,1903,UD Almería,1885,3,1888
2010-04-18,Xerez CD,1825,0,1825,Racing Santander,1924,0,1924
2010-04-18,Málaga CF,1889,-4,1885,Real Valladolid,1837,4,1841
2010-04-17,Espanyol Barcelona,1904,7,1911,FC Barcelona,2311,-7,2304
2010-04-17,Villarreal CF,1952,7,1959,Atlético Madrid,1963,-7,1956
2010-04-17,Sevilla FC,2006,6,2012,Sporting Gijón,1849,-6,1843
2010-04-15,UD Almería,1890,-5,1885,Real Madrid,2188,5,2193
2010-04-15,Valencia CF,2027,8,2035,Athletic Bilbao,1937,-8,1929
2010-04-14,FC Barcelona,2309,2,2311,Deportivo La Coruña,1908,-2,1906
2010-04-14,Real Zaragoza,1901,0,1901,RCD Mallorca,2008,0,2008
2010-04-14,Racing Santander,1913,11,1924,Espanyol Barcelona,1915,-11,1904
2010-04-14,Atlético Madrid,1980,-17,1963,Xerez CD,1808,17,1825
2010-04-14,CA Osasuna,1900,-3,1897,Málaga CF,1886,3,1889
2010-04-13,Getafe CF,1964,13,1977,Villarreal CF,1965,-13,1952
2010-04-13,Real Valladolid,1824,13,1837,Sevilla FC,2019,-13,2006
2010-04-13,Sporting Gijón,1871,-22,1849,CD Tenerife,1795,22,1817
2010-04-11,RCD Mallorca,2000,8,2008,Valencia CF,2035,-8,2027
2010-04-11,Espanyol Barcelona,1898,17,1915,Atlético Madrid,1997,-17,1980
2010-04-11,Athletic Bilbao,1926,11,1937,UD Almería,1901,-11,1890
2010-04-11,Deportivo La Coruña,1911,-3,1908,Racing Santander,1910,3,1913
2010-04-11,CA Osasuna,1888,12,1900,Real Zaragoza,1913,-12,1901
2010-04-10,Real Madrid,2203,-15,2188,FC Barcelona,2294,15,2309
2010-04-10,Málaga CF,1896,-10,1886,Sevilla FC,2009,10,2019
2010-04-10,Villarreal CF,1960,5,1965,Sporting Gijón,1876,-5,1871
2010-04-10,Xerez CD,1817,-9,1808,Getafe CF,1955,9,1964
2010-04-10,CD Tenerife,1797,-2,1795,Real Valladolid,1822,2,1824
2010-04-04,Racing Santander,1918,-8,1910,Real Madrid,2195,8,2203
2010-04-04,Valencia CF,2026,7,2033,CA Osasuna,1895,-7,1888
2010-04-04,Atlético Madrid,1989,10,1999,Deportivo La Coruña,1921,-10,1911
2010-04-04,UD Almería,1901,0,1901,RCD Mallorca,2000,0,2000
2010-04-04,Getafe CF,1959,-4,1955,Espanyol Barcelona,1894,4,1898
2010-04-04,Real Valladolid,1837,-15,1822,Villarreal CF,1945,15,1960
2010-04-04,Sporting Gijón,1880,-4,1876,Xerez CD,1813,4,1817
2010-04-03,FC Barcelona,2281,2,2283,Athletic Bilbao,1928,-2,1926
2010-04-03,Real Zaragoza,1902,11,1913,Málaga CF,1907,-11,1896
2010-04-03,Sevilla FC,2004,5,2009,CD Tenerife,1802,-5,1797
2010-03-29,Athletic Bilbao,1921,7,1928,Racing Santander,1925,-7,1918
2010-03-28,Real Madrid,2192,3,2195,Atlético Madrid,1987,-3,1984
2010-03-28,Villarreal CF,1928,17,1945,Sevilla FC,2021,-17,2004
2010-03-28,Deportivo La Coruña,1940,-19,1921,Getafe CF,1940,19,1959
2010-03-28,CA Osasuna,1887,8,1895,UD Almería,1909,-8,1901
2010-03-28,Espanyol Barcelona,1897,-3,1894,Sporting Gijón,1877,3,1880
2010-03-28,Xerez CD,1798,15,1813,Real Valladolid,1852,-15,1837
2010-03-27,RCD Mallorca,2005,-5,2000,FC Barcelona,2278,5,2283
2010-03-27,Real Zaragoza,1881,21,1902,Valencia CF,2052,-21,2031
2010-03-27,Málaga CF,1913,-6,1907,CD Tenerife,1796,6,1802
2010-03-25,Getafe CF,1950,-10,1940,Real Madrid,2182,10,2192
2010-03-25,Atlético Madrid,1978,9,1987,Athletic Bilbao,1930,-9,1921
2010-03-24,FC Barcelona,2276,2,2278,CA Osasuna,1889,-2,1887
2010-03-24,Valencia CF,2048,4,2052,Málaga CF,1917,-4,1913
2010-03-24,Racing Santander,1926,-1,1925,RCD Mallorca,2004,1,2005
2010-03-24,UD Almería,1902,7,1909,Real Zaragoza,1888,-7,1881
2010-03-24,Real Valladolid,1854,-2,1852,Espanyol Barcelona,1895,2,1897
2010-03-24,CD Tenerife,1795,1,1796,Villarreal CF,1929,-1,1928
2010-03-23,Sevilla FC,2028,-7,2021,Xerez CD,1791,7,1798
2010-03-23,Sporting Gijón,1868,9,1877,Deportivo La Coruña,1949,-9,1940
2010-03-21,Real Zaragoza,1893,-5,1888,FC Barcelona,2271,5,2276
2010-03-21,RCD Mallorca,1991,13,2004,Atlético Madrid,1991,-13,1978
2010-03-21,Valencia CF,2042,6,2048,UD Almería,1908,-6,1902
2010-03-21,Málaga CF,1905,12,1917,Villarreal CF,1941,-12,1929
2010-03-21,CA Osasuna,1908,-19,1889,Racing Santander,1907,19,1926
2010-03-20,Real Madrid,2179,3,2182,Sporting Gijón,1871,-3,1868
2010-03-20,Espanyol Barcelona,1877,18,1895,Sevilla FC,2046,-18,2028
2010-03-20,Athletic Bilbao,1932,-2,1930,Getafe CF,1948,2,1950
2010-03-20,Deportivo La Coruña,1973,-24,1949,Real Valladolid,1830,24,1854
2010-03-20,Xerez CD,1783,8,1791,CD Tenerife,1803,-8,1795
2010-03-15,Atlético Madrid,1984,5,1989,CA Osasuna,1913,-5,1908
2010-03-14,FC Barcelona,2260,5,2265,Valencia CF,2043,-5,2038
2010-03-14,Real Valladolid,1837,-7,1830,Real Madrid,2172,7,2179
2010-03-14,UD Almería,1900,8,1908,Málaga CF,1913,-8,1905
2010-03-14,Racing Santander,1910,-3,1907,Real Zaragoza,1890,3,1893
2010-03-14,Villarreal CF,1935,6,1941,Xerez CD,1789,-6,1783
2010-03-14,CD Tenerife,1785,18,1803,Espanyol Barcelona,1895,-18,1877
2010-03-13,Sevilla FC,2075,-5,2070,Deportivo La Coruña,1968,5,1973
2010-03-13,Getafe CF,1932,16,1948,RCD Mallorca,2007,-16,1991
2010-03-13,Sporting Gijón,1872,-1,1871,Athletic Bilbao,1931,1,1932
2010-03-08,Valencia CF,2053,-6,2047,Racing Santander,1904,6,1910
2010-03-07,Real Zaragoza,1890,0,1890,Atlético Madrid,1989,0,1989
2010-03-07,RCD Mallorca,1999,8,2007,Sporting Gijón,1880,-8,1872
2010-03-07,CA Osasuna,1915,-2,1913,Getafe CF,1930,2,1932
2010-03-07,Espanyol Barcelona,1897,-2,1895,Villarreal CF,1933,2,1935
2010-03-07,Athletic Bilbao,1923,8,1931,Real Valladolid,1845,-8,1837
2010-03-07,Málaga CF,1938,-25,1913,Xerez CD,1764,25,1789
2010-03-06,Real Madrid,2175,5,2180,Sevilla FC,2080,-5,2075
2010-03-06,UD Almería,1893,7,1900,FC Barcelona,2267,-7,2260
2010-03-06,Deportivo La Coruña,1963,5,1968,CD Tenerife,1790,-5,1785
2010-02-28,Atlético Madrid,1971,18,1989,Valencia CF,2071,-18,2053
2010-02-28,Sevilla FC,2086,-6,2080,Athletic Bilbao,1917,6,1923
2010-02-28,Villarreal CF,1925,8,1933,Deportivo La Coruña,1971,-8,1963
2010-02-28,Real Valladolid,1854,-9,1845,RCD Mallorca,1990,9,1999
2010-02-28,Racing Santander,1925,-21,1904,UD Almería,1872,21,1893
2010-02-28,Sporting Gijón,1871,9,1880,CA Osasuna,1924,-9,1915
2010-02-28,Xerez CD,1763,1,1764,Espanyol Barcelona,1898,-1,1897
2010-02-27,FC Barcelona,2265,2,2267,Málaga CF,1940,-2,1938
2010-02-27,CD Tenerife,1796,-6,1790,Real Madrid,2169,6,2175
2010-02-27,Getafe CF,1952,-22,1930,Real Zaragoza,1868,22,1890
2010-02-22,Valencia CF,2060,5,2065,Getafe CF,1957,-5,1952
2010-02-21,Real Madrid,2164,5,2169,Villarreal CF,1946,-5,1941
2010-02-21,Málaga CF,1934,6,1940,Espanyol Barcelona,1904,-6,1898
2010-02-21,UD Almería,1862,10,1872,Atlético Madrid,1967,-10,1957
2010-02-21,CA Osasuna,1929,-5,1924,Real Valladolid,1849,5,1854
2010-02-21,Real Zaragoza,1889,-21,1868,Sporting Gijón,1850,21,1871
2010-02-21,Athletic Bilbao,1924,8,1932,CD Tenerife,1804,-8,1796
2010-02-20,FC Barcelona,2269,3,2272,Racing Santander,1928,-3,1925
2010-02-20,RCD Mallorca,2007,-17,1990,Sevilla FC,2071,17,2088
2010-02-20,Deportivo La Coruña,1968,3,1971,Xerez CD,1766,-3,1763
2010-02-15,CD Tenerife,1790,14,1804,RCD Mallorca,2021,-14,2007
2010-02-14,Atlético Madrid,1957,16,1973,FC Barcelona,2285,-16,2269
2010-02-14,Sevilla FC,2067,4,2071,CA Osasuna,1933,-4,1929
2010-02-14,Espanyol Barcelona,1889,15,1904,Deportivo La Coruña,1983,-15,1968
2010-02-14,Racing Santander,1952,-24,1928,Málaga CF,1910,24,1934
2010-02-14,Getafe CF,1962,-5,1957,UD Almería,1857,5,1862
2010-02-14,Real Valladolid,1851,-2,1849,Real Zaragoza,1887,2,1889
2010-02-13,Xerez CD,1771,-5,1766,Real Madrid,2176,5,2181
2010-02-13,Sporting Gijón,1846,4,1850,Valencia CF,2082,-4,2078
2010-02-13,Villarreal CF,1943,7,1950,Athletic Bilbao,1933,-7,1926
2010-02-07,Real Zaragoza,1874,13,1887,Sevilla FC,2091,-13,2078
2010-02-07,RCD Mallorca,2015,6,2021,Villarreal CF,1949,-6,1943
2010-02-07,Racing Santander,1946,-2,1944,Atlético Madrid,1963,2,1965
2010-02-07,Málaga CF,1911,-1,1910,Deportivo La Coruña,1982,1,1983
2010-02-07,CA Osasuna,1929,4,1933,CD Tenerife,1794,-4,1790
2010-02-07,Athletic Bilbao,1929,4,1933,Xerez CD,1775,-4,1771
2010-02-07,UD Almería,1846,11,1857,Sporting Gijón,1857,-11,1846
2010-02-06,FC Barcelona,2283,2,2285,Getafe CF,1953,-2,1951
2010-02-06,Real Madrid,2172,4,2176,Espanyol Barcelona,1893,-4,1889
2010-02-06,Valencia CF,2078,4,2082,Real Valladolid,1855,-4,1851
2010-01-31,Sevilla FC,2078,7,2085,Valencia CF,2085,-7,2078
2010-01-31,Getafe CF,1962,-3,1959,Racing Santander,1957,3,1960
2010-01-31,Villarreal CF,1971,-22,1949,CA Osasuna,1907,22,1929
2010-01-31,Atlético Madrid,1971,-22,1949,Málaga CF,1889,22,1911
2010-01-31,Xerez CD,1760,15,1775,RCD Mallorca,2030,-15,2015
2010-01-31,Real Valladolid,1858,-3,1855,UD Almería,1843,3,1846
2010-01-31,CD Tenerife,1811,-17,1794,Real Zaragoza,1857,17,1874
2010-01-30,Deportivo La Coruña,1994,-12,1982,Real Madrid,2160,12,2172
2010-01-30,Sporting Gijón,1860,-3,1857,FC Barcelona,2280,3,2283
2010-01-30,Espanyol Barcelona,1884,9,1893,Athletic Bilbao,1938,-9,1929
2010-01-24,Real Madrid,2157,3,2160,Málaga CF,1892,-3,1889
2010-01-24,Getafe CF,1967,7,1974,Atlético Madrid,1971,-7,1964
2010-01-24,Espanyol Barcelona,1883,1,1884,RCD Mallorca,2019,-1,2018
2010-01-24,CD Tenerife,1806,5,1811,Valencia CF,2090,-5,2085
2010-01-24,Villarreal CF,1964,7,1971,Real Zaragoza,1864,-7,1857
2010-01-24,Sporting Gijón,1871,-11,1860,Racing Santander,1924,11,1935
2010-01-24,Xerez CD,1769,-9,1760,CA Osasuna,1920,9,1929
2010-01-23,Real Valladolid,1863,-5,1858,FC Barcelona,2275,5,2280
2010-01-23,Sevilla FC,2091,2,2093,UD Almería,1845,-2,1843
2010-01-23,Deportivo La Coruña,1969,10,1979,Athletic Bilbao,1948,-10,1938
2010-01-17,Valencia CF,2082,8,2090,Villarreal CF,1972,-8,1964
2010-01-17,RCD Mallorca,2024,10,2034,Deportivo La Coruña,1997,-10,1987
2010-01-17,Atlético Madrid,1973,5,1978,Sporting Gijón,1876,-5,1871
2010-01-17,Málaga CF,1883,9,1892,Getafe CF,1961,-9,1952
2010-01-17,Racing Santander,1920,-4,1916,Real Valladolid,1859,4,1863
2010-01-17,UD Almería,1849,-4,1845,CD Tenerife,1802,4,1806
2010-01-17,Real Zaragoza,1869,-5,1864,Xerez CD,1764,5,1769
2010-01-16,FC Barcelona,2269,6,2275,Sevilla FC,2079,-6,2073
2010-01-16,Athletic Bilbao,1934,14,1948,Real Madrid,2171,-14,2157
2010-01-16,CA Osasuna,1918,10,1928,Espanyol Barcelona,1893,-10,1883
2010-01-10,Real Madrid,2165,6,2171,RCD Mallorca,2025,-6,2019
2010-01-10,CD Tenerife,1807,-5,1802,FC Barcelona,2256,5,2261
2010-01-10,Deportivo La Coruña,1992,5,1997,CA Osasuna,1915,-5,1910
2010-01-10,Xerez CD,1771,-7,1764,Valencia CF,2075,7,2082
2010-01-10,Málaga CF,1896,-2,1894,Athletic Bilbao,1932,2,1934
2010-01-10,Sporting Gijón,1866,10,1876,Getafe CF,1960,-10,1950
2010-01-10,Espanyol Barcelona,1886,7,1893,Real Zaragoza,1876,-7,1869
2010-01-09,Sevilla FC,2104,-17,2087,Racing Santander,1903,17,1920
2010-01-09,Villarreal CF,1996,-6,1990,UD Almería,1843,6,1849
2010-01-09,Real Valladolid,1880,-21,1859,Atlético Madrid,1946,21,1967
2010-01-03,CA Osasuna,1918,4,1922,Real Madrid,2169,-4,2165
2010-01-03,RCD Mallorca,2031,7,2038,Athletic Bilbao,1939,-7,1932
2010-01-03,Real Zaragoza,1876,0,1876,Deportivo La Coruña,1976,0,1976
2010-01-03,Getafe CF,1964,5,1969,Real Valladolid,1885,-5,1880
2010-01-03,Sporting Gijón,1868,-2,1866,Málaga CF,1885,2,1887
2010-01-03,Racing Santander,1895,8,1903,CD Tenerife,1815,-8,1807
2010-01-03,UD Almería,1837,6,1843,Xerez CD,1777,-6,1771
2010-01-02,FC Barcelona,2281,-8,2273,Villarreal CF,1993,8,2001
2010-01-02,Atlético Madrid,1957,11,1968,Sevilla FC,2098,-11,2087
2010-01-02,Valencia CF,2088,3,2091,Espanyol Barcelona,1889,-3,1886
2009-12-20,Deportivo La Coruña,1976,0,1976,Valencia CF,2088,0,2088
2009-12-20,Málaga CF,1873,12,1885,RCD Mallorca,2043,-12,2031
2009-12-20,Villarreal CF,1985,8,1993,Racing Santander,1903,-8,1895
2009-12-20,CD Tenerife,1814,1,1815,Atlético Madrid,1958,-1,1957
2009-12-20,Real Valladolid,1878,7,1885,Sporting Gijón,1875,-7,1868
2009-12-20,Espanyol Barcelona,1879,10,1889,UD Almería,1847,-10,1837
2009-12-19,Sevilla FC,2114,-16,2098,Getafe CF,1948,16,1964
2009-12-19,Real Madrid,2165,4,2169,Real Zaragoza,1880,-4,1876
2009-12-19,Athletic Bilbao,1928,11,1939,CA Osasuna,1929,-11,1918
2009-12-13,Sporting Gijón,1881,-6,1875,Sevilla FC,2108,6,2114
2009-12-13,CA Osasuna,1939,-10,1929,RCD Mallorca,2033,10,2043
2009-12-13,Atlético Madrid,1970,-12,1958,Villarreal CF,1993,12,2005
2009-12-13,UD Almería,1846,1,1847,Deportivo La Coruña,1977,-1,1976
2009-12-13,Getafe CF,1944,4,1948,CD Tenerife,1818,-4,1814
2009-12-13,Real Valladolid,1881,-3,1878,Málaga CF,1870,3,1873
2009-12-13,Racing Santander,1899,4,1903,Xerez CD,1781,-4,1777
2009-12-12,Valencia CF,2088,-11,2077,Real Madrid,2154,11,2165
2009-12-12,FC Barcelona,2280,1,2281,Espanyol Barcelona,1880,-1,1879
2009-12-12,Real Zaragoza,1891,-11,1880,Athletic Bilbao,1939,11,1950
2009-12-06,Athletic Bilbao,1948,-9,1939,Valencia CF,2079,9,2088
2009-12-06,Villarreal CF,1987,6,1993,Getafe CF,1950,-6,1944
2009-12-06,RCD Mallorca,2026,7,2033,Real Zaragoza,1898,-7,1891
2009-12-06,Málaga CF,1871,-1,1870,CA Osasuna,1938,1,1939
2009-12-06,Espanyol Barcelona,1906,-26,1880,Racing Santander,1873,26,1899
2009-12-06,CD Tenerife,1808,10,1818,Sporting Gijón,1891,-10,1881
2009-12-05,Deportivo La Coruña,1985,-8,1977,FC Barcelona,2263,8,2271
2009-12-05,Sevilla FC,2112,-8,2104,Real Valladolid,1873,8,1881
2009-12-05,Real Madrid,2129,3,2132,UD Almería,1849,-3,1846
2009-12-05,Xerez CD,1792,-11,1781,Atlético Madrid,1989,11,2000
2009-12-02,Xerez CD,1795,-3,1792,FC Barcelona,2260,3,2263
2009-11-29,FC Barcelona,2256,4,2260,Real Madrid,2133,-4,2129
2009-11-29,Atlético Madrid,1978,11,1989,Espanyol Barcelona,1917,-11,1906
2009-11-29,Racing Santander,1883,-10,1873,Deportivo La Coruña,1975,10,1985
2009-11-29,Real Zaragoza,1910,-12,1898,CA Osasuna,1926,12,1938
2009-11-29,UD Almería,1870,-21,1849,Athletic Bilbao,1909,21,1930
2009-11-29,Getafe CF,1943,7,1950,Xerez CD,1802,-7,1795
2009-11-29,Real Valladolid,1878,-5,1873,CD Tenerife,1803,5,1808
2009-11-28,Valencia CF,2074,-4,2070,RCD Mallorca,2022,4,2026
2009-11-28,Sevilla FC,2120,-8,2112,Málaga CF,1863,8,1871
2009-11-28,Sporting Gijón,1881,10,1891,Villarreal CF,1984,-10,1974
2009-11-22,CA Osasuna,1940,-14,1926,Valencia CF,2060,14,2074
2009-11-22,RCD Mallorca,2016,6,2022,UD Almería,1876,-6,1870
2009-11-22,Villarreal CF,1976,8,1984,Real Valladolid,1886,-8,1878
2009-11-22,Espanyol Barcelona,1937,-20,1917,Getafe CF,1923,20,1943
2009-11-22,Málaga CF,1865,-2,1863,Real Zaragoza,1908,2,1910
2009-11-22,Xerez CD,1803,-1,1802,Sporting Gijón,1880,1,1881
2009-11-21,Athletic Bilbao,1903,6,1909,FC Barcelona,2251,-6,2245
2009-11-21,Real Madrid,2128,2,2130,Racing Santander,1885,-2,1883
2009-11-21,Deportivo La Coruña,1967,8,1975,Atlético Madrid,1990,-8,1982
2009-11-21,CD Tenerife,1807,-4,1803,Sevilla FC,2139,4,2143
2009-11-08,Sevilla FC,2135,4,2139,Villarreal CF,1980,-4,1976
2009-11-08,Valencia CF,2062,6,2068,Real Zaragoza,1912,-6,1906
2009-11-08,Sporting Gijón,1876,9,1885,Espanyol Barcelona,1949,-9,1940
2009-11-08,UD Almería,1875,14,1889,CA Osasuna,1950,-14,1936
2009-11-08,Racing Santander,1898,-20,1878,Athletic Bilbao,1888,20,1908
2009-11-08,Real Valladolid,1895,-5,1890,Xerez CD,1802,5,1807
2009-11-07,FC Barcelona,2246,4,2250,RCD Mallorca,2016,-4,2012
2009-11-07,Atlético Madrid,1999,-9,1990,Real Madrid,2119,9,2128
2009-11-07,Getafe CF,1939,-19,1920,Deportivo La Coruña,1956,19,1975
2009-11-07,CD Tenerife,1824,-2,1822,Málaga CF,1865,2,1867
2009-11-01,Málaga CF,1873,-8,1865,Valencia CF,2060,8,2068
2009-11-01,RCD Mallorca,2011,5,2016,Racing Santander,1903,-5,1898
2009-11-01,Espanyol Barcelona,1953,-4,1949,Real Valladolid,1891,4,1895
2009-11-01,Deportivo La Coruña,1961,-5,1956,Sporting Gijón,1871,5,1876
2009-11-01,Villarreal CF,1959,9,1968,CD Tenerife,1833,-9,1824
2009-11-01,Real Zaragoza,1905,7,1912,UD Almería,1882,-7,1875
2009-10-31,CA Osasuna,1944,6,1950,FC Barcelona,2261,-6,2255
2009-10-31,Real Madrid,2112,5,2117,Getafe CF,1944,-5,1939
2009-10-31,Xerez CD,1808,-6,1802,Sevilla FC,2140,6,2146
2009-10-31,Athletic Bilbao,1877,11,1888,Atlético Madrid,2003,-11,1992
2009-10-25,FC Barcelona,2256,3,2259,Real Zaragoza,1912,-3,1909
2009-10-25,UD Almería,1906,-16,1890,Valencia CF,2038,16,2054
2009-10-25,Racing Santander,1917,-2,1915,CA Osasuna,1932,2,1934
2009-10-25,Real Valladolid,1860,20,1880,Deportivo La Coruña,1975,-20,1955
2009-10-25,Villarreal CF,1954,5,1959,Málaga CF,1874,-5,1869
2009-10-25,Getafe CF,1922,10,1932,Athletic Bilbao,1900,-10,1890
2009-10-25,CD Tenerife,1837,7,1844,Xerez CD,1825,-7,1818
2009-10-24,Sevilla FC,2147,-7,2140,Espanyol Barcelona,1958,7,1965
2009-10-24,Atlético Madrid,2005,-2,2003,RCD Mallorca,2020,2,2022
2009-10-24,Sporting Gijón,1865,4,1869,Real Madrid,2116,-4,2112
2009-10-18,CA Osasuna,1914,18,1932,Atlético Madrid,2030,-18,2012
2009-10-18,RCD Mallorca,2012,8,2020,Getafe CF,1930,-8,1922
2009-10-18,Real Zaragoza,1915,-3,1912,Racing Santander,1914,3,1917
2009-10-18,Espanyol Barcelona,1953,5,1958,CD Tenerife,1842,-5,1837
2009-10-18,Xerez CD,1813,12,1825,Villarreal CF,1977,-12,1965
2009-10-18,Málaga CF,1887,-13,1874,UD Almería,1893,13,1906
2009-10-18,Athletic Bilbao,1908,-14,1894,Sporting Gijón,1851,14,1865
2009-10-17,Valencia CF,2044,4,2048,FC Barcelona,2288,-4,2284
2009-10-17,Deportivo La Coruña,1963,12,1975,Sevilla FC,2141,-12,2129
2009-10-17,Real Madrid,2136,3,2139,Real Valladolid,1863,-3,1860
2009-10-04,Sevilla FC,2134,7,2141,Real Madrid,2143,-7,2136
2009-10-04,Racing Santander,1924,-10,1914,Valencia CF,2034,10,2044
2009-10-04,Villarreal CF,1981,-4,1977,Espanyol Barcelona,1949,4,1953
2009-10-04,Sporting Gijón,1828,23,1851,RCD Mallorca,2035,-23,2012
2009-10-04,Getafe CF,1923,7,1930,CA Osasuna,1921,-7,1914
2009-10-04,Real Valladolid,1865,-2,1863,Athletic Bilbao,1906,2,1908
2009-10-04,Xerez CD,1814,-1,1813,Málaga CF,1886,1,1887
2009-10-03,FC Barcelona,2287,1,2288,UD Almería,1894,-1,1893
2009-10-03,Atlético Madrid,2025,5,2030,Real Zaragoza,1920,-5,1915
2009-10-03,CD Tenerife,1852,-10,1842,Deportivo La Coruña,1953,10,1963
2009-09-27,Deportivo La Coruña,1944,9,1953,Villarreal CF,2012,-9,2003
2009-09-27,RCD Mallorca,2029,6,2035,Real Valladolid,1871,-6,1865
2009-09-27,Real Zaragoza,1906,14,1920,Getafe CF,1937,-14,1923
2009-09-27,UD Almería,1896,-2,1894,Racing Santander,1922,2,1924
2009-09-27,Espanyol Barcelona,1955,-6,1949,Xerez CD,1808,6,1814
2009-09-27,CA Osasuna,1916,5,1921,Sporting Gijón,1833,-5,1828
2009-09-26,Málaga CF,1891,-5,1886,FC Barcelona,2276,5,2281
2009-09-26,Valencia CF,2029,-3,2026,Atlético Madrid,2038,3,2041
2009-09-26,Athletic Bilbao,1930,-15,1915,Sevilla FC,2097,15,2112
2009-09-26,Real Madrid,2128,4,2132,CD Tenerife,1856,-4,1852
2009-09-24,Sporting Gijón,1834,-1,1833,Real Zaragoza,1905,1,1906
2009-09-23,Villarreal CF,2028,-16,2012,Real Madrid,2112,16,2128
2009-09-23,Getafe CF,1921,16,1937,Valencia CF,2045,-16,2029
2009-09-23,Atlético Madrid,2044,-6,2038,UD Almería,1890,6,1896
2009-09-23,Espanyol Barcelona,1949,6,1955,Málaga CF,1897,-6,1891
2009-09-23,Real Valladolid,1883,-12,1871,CA Osasuna,1904,12,1916
2009-09-23,CD Tenerife,1846,10,1856,Athletic Bilbao,1940,-10,1930
2009-09-23,Xerez CD,1825,-17,1808,Deportivo La Coruña,1927,17,1944
2009-09-22,Racing Santander,1929,-7,1922,FC Barcelona,2269,7,2276
2009-09-22,Sevilla FC,2088,9,2097,RCD Mallorca,2038,-9,2029
2009-09-20,Athletic Bilbao,1930,10,1940,Villarreal CF,2038,-10,2028
2009-09-20,Real Madrid,2108,4,2112,Xerez CD,1829,-4,1825
2009-09-20,Valencia CF,2052,-7,2045,Sporting Gijón,1827,7,1834
2009-09-20,UD Almería,1881,9,1890,Getafe CF,1930,-9,1921
2009-09-20,Real Zaragoza,1919,-14,1905,Real Valladolid,1869,14,1883
2009-09-19,FC Barcelona,2264,5,2269,Atlético Madrid,2049,-5,2044
2009-09-19,CA Osasuna,1917,-13,1904,Sevilla FC,2075,13,2088
2009-09-19,RCD Mallorca,2032,6,2038,CD Tenerife,1852,-6,1846
2009-09-19,Deportivo La Coruña,1940,-13,1927,Espanyol Barcelona,1936,13,1949
2009-09-19,Málaga CF,1910,-13,1897,Racing Santander,1916,13,1929
2009-09-13,Villarreal CF,2037,-3,2034,RCD Mallorca,2029,3,2032
2009-09-13,Real Valladolid,1881,-12,1869,Valencia CF,2041,12,2053
2009-09-13,Deportivo La Coruña,1933,7,1940,Málaga CF,1917,-7,1910
2009-09-13,CD Tenerife,1842,10,1852,CA Osasuna,1927,-10,1917
2009-09-13,Xerez CD,1840,-11,1829,Athletic Bilbao,1910,11,1921
2009-09-13,Sporting Gijón,1818,9,1827,UD Almería,1890,-9,1881
2009-09-12,Getafe CF,1937,-7,1930,FC Barcelona,2259,7,2266
2009-09-12,Espanyol Barcelona,1952,-16,1936,Real Madrid,2074,16,2090
2009-09-12,Sevilla FC,2062,7,2069,Real Zaragoza,1926,-7,1919
2009-09-12,Atlético Madrid,2067,-6,2061,Racing Santander,1910,6,1916
2009-08-31,FC Barcelona,2257,2,2259,Sporting Gijón,1820,-2,1818
2009-08-30,Valencia CF,2028,13,2041,Sevilla FC,2075,-13,2062
2009-08-30,Málaga CF,1895,22,1917,Atlético Madrid,2089,-22,2067
2009-08-30,CA Osasuna,1927,0,1927,Villarreal CF,2037,0,2037
2009-08-30,RCD Mallorca,2024,5,2029,Xerez CD,1845,-5,1840
2009-08-30,Athletic Bilbao,1901,9,1910,Espanyol Barcelona,1961,-9,1952
2009-08-30,Racing Santander,1933,-23,1910,Getafe CF,1914,23,1937
2009-08-30,UD Almería,1893,-3,1890,Real Valladolid,1878,3,1881
2009-08-29,Real Madrid,2070,4,2074,Deportivo La Coruña,1937,-4,1933
2009-08-29,Real Zaragoza,1921,5,1926,CD Tenerife,1847,-5,1842
2011-05-21,Málaga CF,1930,-5,1925,FC Barcelona,2306,5,2311
2011-05-21,Real Madrid,2284,2,2286,UD Almería,1843,-2,1841
2011-05-21,CA Osasuna,1908,11,1919,Villarreal CF,2044,-11,2033
2011-05-21,Deportivo La Coruña,1890,-13,1877,Valencia CF,2043,13,2056
2011-05-21,Espanyol Barcelona,1894,-10,1884,Sevilla FC,2005,10,2015
2011-05-21,Racing Santander,1896,-11,1885,Athletic Bilbao,1963,11,1974
2011-05-21,RCD Mallorca,1887,-11,1876,Atlético Madrid,1958,11,1969
2011-05-21,Levante UD,1903,-13,1890,Real Zaragoza,1889,13,1902
2011-05-21,Hércules CF,1812,0,1812,Sporting Gijón,1902,0,1902
2011-05-21,Real Sociedad,1832,-2,1830,Getafe CF,1876,2,1878
2011-05-15,Villarreal CF,2054,-10,2044,Real Madrid,2274,10,2284
2011-05-15,FC Barcelona,2315,-9,2306,Deportivo La Coruña,1881,9,1890
2011-05-15,Valencia CF,2049,-6,2043,Levante UD,1897,6,1903
2011-05-15,Athletic Bilbao,1967,-4,1963,Málaga CF,1926,4,1930
2011-05-15,Sevilla FC,2000,5,2005,Real Sociedad,1837,-5,1832
2011-05-15,Sporting Gijón,1895,7,1902,Racing Santander,1903,-7,1896
2011-05-15,Getafe CF,1863,13,1876,CA Osasuna,1921,-13,1908
2011-05-15,Real Zaragoza,1881,8,1889,Espanyol Barcelona,1902,-8,1894
2011-05-15,Atlético Madrid,1954,4,1958,Hércules CF,1816,-4,1812
2011-05-15,UD Almería,1829,14,1843,RCD Mallorca,1901,-14,1887
2011-05-11,Levante UD,1890,7,1897,FC Barcelona,2322,-7,2315
2011-05-11,Espanyol Barcelona,1901,1,1902,Valencia CF,2050,-1,2049
2011-05-11,CA Osasuna,1911,10,1921,Sevilla FC,2010,-10,2000
2011-05-11,UD Almería,1825,4,1829,Villarreal CF,2058,-4,2054
2011-05-11,Real Sociedad,1828,9,1837,Real Zaragoza,1890,-9,1881
2011-05-11,Hércules CF,1816,0,1816,RCD Mallorca,1901,0,1901
2011-05-10,Real Madrid,2272,2,2274,Getafe CF,1865,-2,1863
2011-05-10,Racing Santander,1894,9,1903,Atlético Madrid,1963,-9,1954
2011-05-10,Deportivo La Coruña,1871,10,1881,Athletic Bilbao,1977,-10,1967
2011-05-10,Málaga CF,1916,10,1926,Sporting Gijón,1905,-10,1895
2011-05-08,FC Barcelona,2321,1,2322,Espanyol Barcelona,1902,-1,1901
2011-05-08,RCD Mallorca,1899,2,1901,Villarreal CF,2060,-2,2058
2011-05-08,Real Zaragoza,1910,-20,1890,CA Osasuna,1891,20,1911
2011-05-07,Sevilla FC,2022,-12,2010,Real Madrid,2260,12,2272
2011-05-07,Atlético Madrid,1990,-27,1963,Málaga CF,1889,27,1916
2011-05-07,Valencia CF,2045,5,2050,Real Sociedad,1833,-5,1828
2011-05-07,Athletic Bilbao,1972,5,1977,Levante UD,1895,-5,1890
2011-05-07,Sporting Gijón,1909,-4,1905,Deportivo La Coruña,1867,4,1871
2011-05-07,Hércules CF,1827,-11,1816,Racing Santander,1883,11,1894
2011-05-07,Getafe CF,1855,10,1865,UD Almería,1835,-10,1825
2011-05-02,Espanyol Barcelona,1892,10,1902,Athletic Bilbao,1982,-10,1972
2011-05-01,CA Osasuna,1879,12,1891,Valencia CF,2057,-12,2045
2011-05-01,Villarreal CF,2043,3,2046,Getafe CF,1858,-3,1855
2011-05-01,UD Almería,1843,-8,1835,Sevilla FC,2014,8,2022
2011-05-01,Levante UD,1898,-3,1895,Sporting Gijón,1906,3,1909
2011-05-01,Racing Santander,1871,12,1883,RCD Mallorca,1911,-12,1899
2011-05-01,Málaga CF,1880,9,1889,Hércules CF,1836,-9,1827
2011-04-30,Real Madrid,2272,-19,2253,Real Zaragoza,1891,19,1910
2011-04-30,Real Sociedad,1815,18,1833,FC Barcelona,2346,-18,2328
2011-04-30,Deportivo La Coruña,1877,-10,1867,Atlético Madrid,1980,10,1990
2011-04-25,Real Zaragoza,1885,6,1891,UD Almería,1849,-6,1843
2011-04-24,Sevilla FC,2005,9,2014,Villarreal CF,2062,-9,2053
2011-04-24,Atlético Madrid,1970,10,1980,Levante UD,1908,-10,1898
2011-04-24,Sporting Gijón,1899,7,1906,Espanyol Barcelona,1899,-7,1892
2011-04-24,RCD Mallorca,1901,10,1911,Getafe CF,1868,-10,1858
2011-04-24,Racing Santander,1884,-13,1871,Málaga CF,1867,13,1880
2011-04-24,Hércules CF,1827,9,1836,Deportivo La Coruña,1886,-9,1877
2011-04-23,Valencia CF,2069,-12,2057,Real Madrid,2288,12,2300
2011-04-23,FC Barcelona,2317,1,2318,CA Osasuna,1880,-1,1879
2011-04-23,Athletic Bilbao,1978,4,1982,Real Sociedad,1819,-4,1815
2011-04-18,Villarreal CF,2059,3,2062,Real Zaragoza,1888,-3,1885
2011-04-17,Espanyol Barcelona,1900,-1,1899,Atlético Madrid,1969,1,1970
2011-04-17,CA Osasuna,1891,-11,1880,Athletic Bilbao,1967,11,1978
2011-04-17,Deportivo La Coruña,1874,12,1886,Racing Santander,1896,-12,1884
2011-04-17,Levante UD,1903,5,1908,Hércules CF,1832,-5,1827
2011-04-17,Real Sociedad,1809,10,1819,Sporting Gijón,1909,-10,1899
2011-04-16,Real Madrid,2277,-1,2276,FC Barcelona,2328,1,2329
2011-04-16,UD Almería,1862,-13,1849,Valencia CF,2056,13,2069
2011-04-16,Getafe CF,1856,12,1868,Sevilla FC,2017,-12,2005
2011-04-16,Málaga CF,1851,16,1867,RCD Mallorca,1917,-16,1901
2011-04-11,Real Zaragoza,1881,7,1888,Getafe CF,1863,-7,1856
2011-04-10,Valencia CF,2041,15,2056,Villarreal CF,2052,-15,2037
2011-04-10,Sporting Gijón,1902,7,1909,CA Osasuna,1898,-7,1891
2011-04-10,Racing Santander,1899,-3,1896,Levante UD,1900,3,1903
2011-04-10,Atlético Madrid,1962,7,1969,Real Sociedad,1816,-7,1809
2011-04-10,Hércules CF,1833,-1,1832,Espanyol Barcelona,1899,1,1900
2011-04-10,Málaga CF,1853,-2,1851,Deportivo La Coruña,1872,2,1874
2011-04-09,Athletic Bilbao,1976,-9,1967,Real Madrid,2258,9,2267
2011-04-09,FC Barcelona,2317,1,2318,UD Almería,1863,-1,1862
2011-04-09,RCD Mallorca,1917,0,1917,Sevilla FC,2017,0,2017
2011-04-04,UD Almería,1879,-16,1863,Athletic Bilbao,1960,16,1976
2011-04-03,Sevilla FC,2010,7,2017,Real Zaragoza,1888,-7,1881
2011-04-03,CA Osasuna,1910,-12,1898,Atlético Madrid,1950,12,1962
2011-04-03,Espanyol Barcelona,1913,-14,1899,Racing Santander,1885,14,1899
2011-04-03,Deportivo La Coruña,1863,9,1872,RCD Mallorca,1926,-9,1917
2011-04-03,Levante UD,1890,10,1900,Málaga CF,1863,-10,1853
2011-04-03,Real Sociedad,1836,-20,1816,Hércules CF,1813,20,1833
2011-04-02,Villarreal CF,2043,-6,2037,FC Barcelona,2301,6,2307
2011-04-02,Real Madrid,2268,-19,2249,Sporting Gijón,1883,19,1902
2011-04-02,Getafe CF,1876,-13,1863,Valencia CF,2028,13,2041
2011-03-20,Valencia CF,2042,-14,2028,Sevilla FC,1996,14,2010
2011-03-20,Athletic Bilbao,1971,-11,1960,Villarreal CF,2032,11,2043
2011-03-20,Málaga CF,1849,14,1863,Espanyol Barcelona,1927,-14,1913
2011-03-20,Sporting Gijón,1875,8,1883,UD Almería,1887,-8,1879
2011-03-20,Deportivo La Coruña,1876,-13,1863,Levante UD,1877,13,1890
2011-03-20,Hércules CF,1834,-21,1813,CA Osasuna,1889,21,1910
2011-03-20,Racing Santander,1879,6,1885,Real Sociedad,1842,-6,1836
2011-03-19,Atlético Madrid,1955,-5,1950,Real Madrid,2263,5,2268
2011-03-19,FC Barcelona,2300,1,2301,Getafe CF,1877,-1,1876
2011-03-19,RCD Mallorca,1919,7,1926,Real Zaragoza,1895,-7,1888
2011-03-14,Getafe CF,1877,0,1877,Athletic Bilbao,1971,0,1971
2011-03-13,Sevilla FC,1990,6,1996,FC Barcelona,2306,-6,2300
2011-03-13,Villarreal CF,2027,-6,2021,Sporting Gijón,1869,6,1875
2011-03-13,Espanyol Barcelona,1917,10,1927,Deportivo La Coruña,1886,-10,1876
2011-03-13,Levante UD,1879,-2,1877,RCD Mallorca,1917,2,1919
2011-03-13,CA Osasuna,1878,11,1889,Racing Santander,1890,-11,1879
2011-03-13,Real Sociedad,1862,-20,1842,Málaga CF,1829,20,1849
2011-03-12,Real Madrid,2255,1,2256,Hércules CF,1835,-1,1834
2011-03-12,Real Zaragoza,1871,24,1895,Valencia CF,2066,-24,2042
2011-03-12,UD Almería,1888,-1,1887,Atlético Madrid,1954,1,1955
2011-03-07,Deportivo La Coruña,1879,7,1886,Real Sociedad,1869,-7,1862
2011-03-06,Racing Santander,1896,-6,1890,Real Madrid,2249,6,2255
2011-03-06,Athletic Bilbao,1958,13,1971,Sevilla FC,2003,-13,1990
2011-03-06,Levante UD,1870,9,1879,Espanyol Barcelona,1926,-9,1917
2011-03-06,Sporting Gijón,1857,12,1869,Getafe CF,1889,-12,1877
2011-03-06,Hércules CF,1847,-12,1835,UD Almería,1876,12,1888
2011-03-06,Málaga CF,1841,-12,1829,CA Osasuna,1866,12,1878
2011-03-05,FC Barcelona,2297,1,2298,Real Zaragoza,1872,-1,1871
2011-03-05,RCD Mallorca,1925,-8,1917,Valencia CF,2079,8,2087
2011-03-05,Atlético Madrid,1940,14,1954,Villarreal CF,2023,-14,2009
2011-03-03,Real Madrid,2247,2,2249,Málaga CF,1843,-2,1841
2011-03-03,UD Almería,1878,-2,1876,Racing Santander,1894,2,1896
2011-03-02,Valencia CF,2086,-7,2079,FC Barcelona,2290,7,2297
2011-03-02,Villarreal CF,2020,3,2023,Hércules CF,1850,-3,1847
2011-03-02,Real Zaragoza,1862,10,1872,Athletic Bilbao,1968,-10,1958
2011-03-02,Getafe CF,1891,-2,1889,Atlético Madrid,1938,2,1940
2011-03-02,CA Osasuna,1869,-3,1866,Deportivo La Coruña,1876,3,1879
2011-03-02,Real Sociedad,1872,-3,1869,Levante UD,1867,3,1870
2011-03-01,Sevilla FC,1996,7,2003,Sporting Gijón,1864,-7,1857
2011-03-01,Espanyol Barcelona,1940,-14,1926,RCD Mallorca,1911,14,1925
2011-02-28,Málaga CF,1830,13,1843,UD Almería,1891,-13,1878
2011-02-27,Athletic Bilbao,1978,-10,1968,Valencia CF,2076,10,2086
2011-02-27,Racing Santander,1893,1,1894,Villarreal CF,2021,-1,2020
2011-02-27,Hércules CF,1852,-2,1850,Getafe CF,1889,2,1891
2011-02-27,Levante UD,1859,8,1867,CA Osasuna,1877,-8,1869
2011-02-26,RCD Mallorca,1917,-6,1911,FC Barcelona,2284,6,2290
2011-02-26,Deportivo La Coruña,1869,7,1876,Real Madrid,2254,-7,2247
2011-02-26,Atlético Madrid,1939,-1,1938,Sevilla FC,1995,1,1996
2011-02-26,Espanyol Barcelona,1929,11,1940,Real Sociedad,1883,-11,1872
2011-02-26,Sporting Gijón,1867,-3,1864,Real Zaragoza,1859,3,1862
2011-02-21,Real Sociedad,1874,9,1883,RCD Mallorca,1926,-9,1917
2011-02-20,FC Barcelona,2282,2,2284,Athletic Bilbao,1980,-2,1978
2011-02-20,Villarreal CF,2019,-7,2012,Málaga CF,1823,7,1830
2011-02-20,Sevilla FC,1970,5,1975,Hércules CF,1857,-5,1852
2011-02-20,CA Osasuna,1859,18,1877,Espanyol Barcelona,1947,-18,1929
2011-02-20,Getafe CF,1902,-13,1889,Racing Santander,1880,13,1893
2011-02-20,UD Almería,1895,-4,1891,Deportivo La Coruña,1865,4,1869
2011-02-19,Real Madrid,2258,2,2260,Levante UD,1861,-2,1859
2011-02-19,Valencia CF,2083,-7,2076,Sporting Gijón,1860,7,1867
2011-02-19,Real Zaragoza,1870,-11,1859,Atlético Madrid,1928,11,1939
2011-02-14,RCD Mallorca,1917,9,1926,Athletic Bilbao,1989,-9,1980
2011-02-13,Espanyol Barcelona,1952,-5,1947,Real Madrid,2253,5,2258
2011-02-13,Deportivo La Coruña,1853,12,1865,Villarreal CF,2028,-12,2016
2011-02-13,Levante UD,1852,9,1861,UD Almería,1904,-9,1895
2011-02-13,Real Sociedad,1867,7,1874,CA Osasuna,1866,-7,1859
2011-02-13,Hércules CF,1849,8,1857,Real Zaragoza,1878,-8,1870
2011-02-13,Málaga CF,1824,-1,1823,Getafe CF,1901,1,1902
2011-02-12,Sporting Gijón,1852,8,1860,FC Barcelona,2307,-8,2299
2011-02-12,Atlético Madrid,1937,-9,1928,Valencia CF,2081,9,2090
2011-02-12,Racing Santander,1869,11,1880,Sevilla FC,1992,-11,1981
2011-02-06,Real Madrid,2251,2,2253,Real Sociedad,1869,-2,1867
2011-02-06,Valencia CF,2077,4,2081,Hércules CF,1853,-4,1849
2011-02-06,Sevilla FC,1999,-7,1992,Málaga CF,1817,7,1824
2011-02-05,FC Barcelona,2305,2,2307,Atlético Madrid,1939,-2,1937
2011-02-05,Villarreal CF,2045,-17,2028,Levante UD,1835,17,1852
2011-02-05,UD Almería,1895,9,1904,Espanyol Barcelona,1961,-9,1952
2011-02-05,Athletic Bilbao,1981,8,1989,Sporting Gijón,1860,-8,1852
2011-02-05,CA Osasuna,1868,-2,1866,RCD Mallorca,1915,2,1917
2011-02-05,Getafe CF,1890,11,1901,Deportivo La Coruña,1864,-11,1853
2011-02-05,Real Zaragoza,1881,-3,1878,Racing Santander,1866,3,1869
2011-01-31,Racing Santander,1863,3,1866,Valencia CF,2080,-3,2077
2011-01-30,CA Osasuna,1851,17,1868,Real Madrid,2264,-17,2247
2011-01-30,Espanyol Barcelona,1972,-11,1961,Villarreal CF,2034,11,2045
2011-01-30,Atlético Madrid,1958,-19,1939,Athletic Bilbao,1962,19,1981
2011-01-29,Hércules CF,1857,-4,1853,FC Barcelona,2296,4,2300
2011-01-29,Deportivo La Coruña,1863,1,1864,Sevilla FC,2004,-1,2003
2011-01-29,RCD Mallorca,1944,-29,1915,Sporting Gijón,1831,29,1860
2011-01-29,Real Sociedad,1856,13,1869,UD Almería,1913,-13,1900
2011-01-29,Levante UD,1821,14,1835,Getafe CF,1904,-14,1890
2011-01-29,Málaga CF,1829,-12,1817,Real Zaragoza,1869,12,1881
2011-01-24,Athletic Bilbao,1953,9,1962,Hércules CF,1866,-9,1857
2011-01-23,Real Madrid,2256,2,2258,RCD Mallorca,1946,-2,1944
2011-01-23,Villarreal CF,2031,3,2034,Real Sociedad,1859,-3,1856
2011-01-23,Getafe CF,1922,-18,1904,Espanyol Barcelona,1954,18,1972
2011-01-23,Sporting Gijón,1820,11,1831,Atlético Madrid,1969,-11,1958
2011-01-23,UD Almería,1909,6,1915,CA Osasuna,1857,-6,1851
2011-01-23,Real Zaragoza,1862,7,1869,Deportivo La Coruña,1870,-7,1863
2011-01-22,FC Barcelona,2292,2,2294,Racing Santander,1865,-2,1863
2011-01-22,Valencia CF,2078,2,2080,Málaga CF,1831,-2,1829
2011-01-22,Sevilla FC,2004,6,2010,Levante UD,1827,-6,1821
2011-01-17,Atlético Madrid,1961,13,1974,RCD Mallorca,1959,-13,1946
2011-01-16,UD Almería,1891,6,1897,Real Madrid,2257,-6,2251
2011-01-16,FC Barcelona,2316,1,2317,Málaga CF,1832,-1,1831
2011-01-16,Valencia CF,2073,5,2078,Deportivo La Coruña,1887,-5,1882
2011-01-15,Sevilla FC,2003,-14,1989,Espanyol Barcelona,1940,14,1954
2011-01-15,Villarreal CF,2041,5,2046,CA Osasuna,1862,-5,1857
2011-01-15,Athletic Bilbao,1948,5,1953,Racing Santander,1870,-5,1865
2011-01-15,Getafe CF,1951,-29,1922,Real Sociedad,1830,29,1859
2011-01-15,Real Zaragoza,1855,7,1862,Levante UD,1834,-7,1827
2011-01-15,Sporting Gijón,1806,14,1820,Hércules CF,1880,-14,1866
2011-01-10,Hércules CF,1861,19,1880,Atlético Madrid,1983,-19,1964
2011-01-09,Real Madrid,2249,5,2254,Villarreal CF,2050,-5,2045
2011-01-09,Levante UD,1840,-6,1834,Valencia CF,2067,6,2073
2011-01-09,RCD Mallorca,1949,10,1959,UD Almería,1894,-10,1884
2011-01-09,CA Osasuna,1862,0,1862,Getafe CF,1951,0,1951
2011-01-09,Espanyol Barcelona,1929,11,1940,Real Zaragoza,1866,-11,1855
2011-01-09,Racing Santander,1875,-5,1870,Sporting Gijón,1801,5,1806
2011-01-08,Deportivo La Coruña,1899,-5,1894,FC Barcelona,2309,5,2314
2011-01-08,Real Sociedad,1838,-8,1830,Sevilla FC,1991,8,1999
2011-01-08,Málaga CF,1831,1,1832,Athletic Bilbao,1949,-1,1948
2011-01-03,Getafe CF,1977,-5,1972,Real Madrid,2271,5,2276
2011-01-03,Villarreal CF,2032,6,2038,UD Almería,1885,-6,1879
2011-01-03,Atlético Madrid,1988,-6,1982,Racing Santander,1869,6,1875
2011-01-03,RCD Mallorca,1955,9,1964,Hércules CF,1870,-9,1861
2011-01-03,Real Zaragoza,1859,7,1866,Real Sociedad,1845,-7,1838
2011-01-02,FC Barcelona,2315,1,2316,Levante UD,1814,-1,1813
2011-01-02,Valencia CF,2075,4,2079,Espanyol Barcelona,1934,-4,1930
2011-01-02,Sevilla FC,1970,5,1975,CA Osasuna,1867,-5,1862
2011-01-02,Athletic Bilbao,1957,-15,1942,Deportivo La Coruña,1879,15,1894
2011-01-02,Sporting Gijón,1813,-12,1801,Málaga CF,1835,12,1847
2010-12-20,Racing Santander,1872,-3,1869,Hércules CF,1867,3,1870
2010-12-19,Real Madrid,2267,2,2269,Sevilla FC,1965,-2,1963
2010-12-19,UD Almería,1886,-11,1875,Getafe CF,1954,11,1965
2010-12-19,Málaga CF,1859,-17,1842,Atlético Madrid,1965,17,1982
2010-12-19,CA Osasuna,1870,-3,1867,Real Zaragoza,1856,3,1859
2010-12-18,Espanyol Barcelona,1946,-6,1940,FC Barcelona,2318,6,2324
2010-12-18,Villarreal CF,2019,9,2028,RCD Mallorca,1974,-9,1965
2010-12-18,Real Sociedad,1852,-7,1845,Valencia CF,2072,7,2079
2010-12-18,Levante UD,1826,-10,1816,Athletic Bilbao,1938,10,1948
2010-12-18,Deportivo La Coruña,1885,-5,1880,Sporting Gijón,1808,5,1813
2010-12-13,Valencia CF,2079,-7,2072,CA Osasuna,1863,7,1870
2010-12-12,FC Barcelona,2317,1,2318,Real Sociedad,1853,-1,1852
2010-12-12,Real Zaragoza,1860,-4,1856,Real Madrid,2263,4,2267
2010-12-12,Athletic Bilbao,1930,8,1938,Espanyol Barcelona,1954,-8,1946
2010-12-12,RCD Mallorca,1990,-16,1974,Racing Santander,1856,16,1872
2010-12-12,Hércules CF,1854,13,1867,Málaga CF,1872,-13,1859
2010-12-12,Sporting Gijón,1810,-2,1808,Levante UD,1824,2,1826
2010-12-11,Getafe CF,1938,10,1948,Villarreal CF,2021,-10,2011
2010-12-11,Sevilla FC,1988,-24,1964,UD Almería,1862,24,1886
2010-12-11,Atlético Madrid,1950,9,1959,Deportivo La Coruña,1894,-9,1885
2010-12-06,Deportivo La Coruña,1888,6,1894,Hércules CF,1860,-6,1854
2010-12-05,Villarreal CF,2014,7,2021,Sevilla FC,1995,-7,1988
2010-12-05,Getafe CF,1921,17,1938,RCD Mallorca,2007,-17,1990
2010-12-05,Real Sociedad,1838,15,1853,Athletic Bilbao,1945,-15,1930
2010-12-05,Espanyol Barcelona,1950,4,1954,Sporting Gijón,1814,-4,1810
2010-12-05,Málaga CF,1859,13,1872,Racing Santander,1869,-13,1856
2010-12-05,UD Almería,1865,-3,1862,Real Zaragoza,1857,3,1860
2010-12-04,Real Madrid,2254,5,2259,Valencia CF,2074,-5,2069
2010-12-04,CA Osasuna,1867,-4,1863,FC Barcelona,2310,4,2314
2010-12-04,Levante UD,1806,18,1824,Atlético Madrid,1968,-18,1950
2010-11-29,FC Barcelona,2297,13,2310,Real Madrid,2267,-13,2254
2010-11-28,Valencia CF,2071,3,2074,UD Almería,1868,-3,1865
2010-11-28,RCD Mallorca,2001,6,2007,Málaga CF,1865,-6,1859
2010-11-28,Athletic Bilbao,1939,6,1945,CA Osasuna,1873,-6,1867
2010-11-28,Racing Santander,1861,8,1869,Deportivo La Coruña,1896,-8,1888
2010-11-28,Hércules CF,1851,9,1860,Levante UD,1815,-9,1806
2010-11-28,Sporting Gijón,1834,-20,1814,Real Sociedad,1818,20,1838
2010-11-27,Atlético Madrid,2005,-15,1990,Espanyol Barcelona,1935,15,1950
2010-11-27,Sevilla FC,2035,-24,2011,Getafe CF,1899,24,1923
2010-11-27,Real Zaragoza,1874,-17,1857,Villarreal CF,1988,17,2005
2010-11-22,Getafe CF,1903,-4,1899,Real Zaragoza,1870,4,1874
2010-11-21,Sevilla FC,2049,-14,2035,RCD Mallorca,1987,14,2001
2010-11-21,Real Sociedad,1830,-12,1818,Atlético Madrid,1993,12,2005
2010-11-21,Espanyol Barcelona,1925,10,1935,Hércules CF,1861,-10,1851
2010-11-21,Deportivo La Coruña,1884,12,1896,Málaga CF,1877,-12,1865
2010-11-21,CA Osasuna,1867,6,1873,Sporting Gijón,1840,-6,1834
2010-11-21,Levante UD,1801,14,1815,Racing Santander,1875,-14,1861
2010-11-20,Real Madrid,2248,3,2251,Athletic Bilbao,1942,-3,1939
2010-11-20,UD Almería,1875,-7,1868,FC Barcelona,2281,7,2288
2010-11-20,Villarreal CF,1989,-1,1988,Valencia CF,2062,1,2063
2010-11-14,Sporting Gijón,1843,-3,1840,Real Madrid,2245,3,2248
2010-11-14,Valencia CF,2056,6,2062,Getafe CF,1909,-6,1903
2010-11-14,Real Zaragoza,1878,-8,1870,Sevilla FC,2041,8,2049
2010-11-14,RCD Mallorca,1992,-5,1987,Deportivo La Coruña,1879,5,1884
2010-11-14,Racing Santander,1876,-1,1875,Espanyol Barcelona,1924,1,1925
2010-11-14,Hércules CF,1854,7,1861,Real Sociedad,1837,-7,1830
2010-11-14,Málaga CF,1871,6,1877,Levante UD,1807,-6,1801
2010-11-13,FC Barcelona,2278,3,2281,Villarreal CF,1992,-3,1989
2010-11-13,Atlético Madrid,1985,8,1993,CA Osasuna,1875,-8,1867
2010-11-13,Athletic Bilbao,1936,6,1942,UD Almería,1881,-6,1875
2010-11-08,Sevilla FC,2026,13,2039,Valencia CF,2069,-13,2056
2010-11-07,Real Madrid,2240,4,2244,Atlético Madrid,1998,-4,1994
2010-11-07,Getafe CF,1915,-6,1909,FC Barcelona,2272,6,2278
2010-11-07,Villarreal CF,1977,11,1988,Athletic Bilbao,1944,-11,1933
2010-11-07,Real Zaragoza,1879,11,1890,RCD Mallorca,2005,-11,1994
2010-11-07,CA Osasuna,1870,13,1883,Hércules CF,1874,-13,1861
2010-11-07,UD Almería,1879,-4,1875,Sporting Gijón,1837,4,1841
2010-11-07,Levante UD,1833,-12,1821,Deportivo La Coruña,1859,12,1871
2010-11-06,Espanyol Barcelona,1923,6,1929,Málaga CF,1870,-6,1864
2010-11-06,Real Sociedad,1835,8,1843,Racing Santander,1877,-8,1869
2010-11-01,RCD Mallorca,2001,4,2005,Levante UD,1837,-4,1833
2010-10-31,Athletic Bilbao,1930,14,1944,Getafe CF,1956,-14,1942
2010-10-31,Atlético Madrid,1992,-6,1986,UD Almería,1873,6,1879
2010-10-31,Sporting Gijón,1835,2,1837,Villarreal CF,1994,-2,1992
2010-10-31,Deportivo La Coruña,1841,18,1859,Espanyol Barcelona,1941,-18,1923
2010-10-31,Racing Santander,1863,14,1877,CA Osasuna,1884,-14,1870
2010-10-31,Málaga CF,1884,-14,1870,Real Sociedad,1821,14,1835
2010-10-30,FC Barcelona,2276,5,2281,Sevilla FC,2027,-5,2022
2010-10-30,Hércules CF,1879,-5,1874,Real Madrid,2240,5,2245
2010-10-30,Valencia CF,2062,-7,2055,Real Zaragoza,1872,7,1879
2010-10-25,Real Sociedad,1819,14,1833,Deportivo La Coruña,1851,-14,1837
2010-10-24,Villarreal CF,1987,11,1998,Atlético Madrid,1995,-11,1984
2010-10-24,Sevilla FC,2015,5,2020,Athletic Bilbao,1929,-5,1924
2010-10-24,Getafe CF,1947,9,1956,Sporting Gijón,1850,-9,1841
2010-10-24,CA Osasuna,1874,14,1888,Málaga CF,1895,-14,1881
2010-10-24,Espanyol Barcelona,1919,5,1924,Levante UD,1829,-5,1824
2010-10-24,UD Almería,1863,-2,1861,Hércules CF,1880,2,1882
2010-10-23,Real Zaragoza,1862,-4,1858,FC Barcelona,2272,4,2276
2010-10-23,Real Madrid,2245,3,2248,Racing Santander,1883,-3,1880
2010-10-23,Valencia CF,2077,-15,2062,RCD Mallorca,1980,15,1995
2010-10-18,Hércules CF,1880,0,1880,Villarreal CF,1982,0,1982
2010-10-17,RCD Mallorca,1995,-15,1980,Espanyol Barcelona,1904,15,1919
2010-10-17,Sporting Gijón,1831,19,1850,Sevilla FC,2028,-19,2009
2010-10-17,Athletic Bilbao,1923,6,1929,Real Zaragoza,1868,-6,1862
2010-10-17,Racing Santander,1876,7,1883,UD Almería,1870,-7,1863
2010-10-17,Deportivo La Coruña,1853,-2,1851,CA Osasuna,1872,2,1874
2010-10-17,Levante UD,1822,7,1829,Real Sociedad,1826,-7,1819
2010-10-16,FC Barcelona,2265,3,2268,Valencia CF,2080,-3,2077
2010-10-16,Málaga CF,1902,-7,1895,Real Madrid,2231,7,2238
2010-10-16,Atlético Madrid,1975,10,1985,Getafe CF,1966,-10,1956
2010-10-03,FC Barcelona,2273,-8,2265,RCD Mallorca,1987,8,1995
2010-10-03,Real Madrid,2229,2,2231,Deportivo La Coruña,1855,-2,1853
2010-10-03,Sevilla FC,2018,10,2028,Atlético Madrid,1985,-10,1975
2010-10-03,Villarreal CF,1975,7,1982,Racing Santander,1883,-7,1876
2010-10-03,Getafe CF,1956,10,1966,Hércules CF,1890,-10,1880
2010-10-03,UD Almería,1872,-2,1870,Málaga CF,1900,2,1902
2010-10-03,CA Osasuna,1876,-4,1872,Levante UD,1818,4,1822
2010-10-02,Valencia CF,2076,4,2080,Athletic Bilbao,1927,-4,1923
2010-10-02,Real Sociedad,1816,10,1826,Espanyol Barcelona,1914,-10,1904
2010-10-02,Real Zaragoza,1872,-4,1868,Sporting Gijón,1827,4,1831
2010-09-27,Málaga CF,1911,-11,1900,Villarreal CF,1959,11,1970
2010-09-26,Hércules CF,1873,17,1890,Sevilla FC,2018,-17,2001
2010-09-26,Atlético Madrid,1983,5,1988,Real Zaragoza,1877,-5,1872
2010-09-26,Racing Santander,1894,-11,1883,Getafe CF,1965,11,1976
2010-09-26,RCD Mallorca,1982,5,1987,Real Sociedad,1821,-5,1816
2010-09-26,Espanyol Barcelona,1907,7,1914,CA Osasuna,1883,-7,1876
2010-09-26,Deportivo La Coruña,1875,-20,1855,UD Almería,1852,20,1872
2010-09-25,Athletic Bilbao,1933,-6,1927,FC Barcelona,2276,6,2282
2010-09-25,Levante UD,1811,7,1818,Real Madrid,2229,-7,2222
2010-09-25,Sporting Gijón,1836,-9,1827,Valencia CF,2080,9,2089
2010-09-23,Sevilla FC,2024,-6,2018,Racing Santander,1888,6,1894
2010-09-23,Getafe CF,1988,-23,1965,Málaga CF,1888,23,1911
2010-09-23,Villarreal CF,1954,5,1959,Deportivo La Coruña,1880,-5,1875
2010-09-22,FC Barcelona,2275,1,2276,Sporting Gijón,1837,-1,1836
2010-09-22,Valencia CF,2085,-5,2080,Atlético Madrid,1978,5,1983
2010-09-22,Real Zaragoza,1880,-3,1877,Hércules CF,1870,3,1873
2010-09-22,UD Almería,1867,-15,1852,Levante UD,1796,15,1811
2010-09-21,Real Madrid,2226,3,2229,Espanyol Barcelona,1910,-3,1907
2010-09-21,Athletic Bilbao,1916,17,1933,RCD Mallorca,1999,-17,1982
2010-09-21,CA Osasuna,1874,9,1883,Real Sociedad,1830,-9,1821
2010-09-20,Deportivo La Coruña,1880,0,1880,Getafe CF,1988,0,1988
2010-09-19,Atlético Madrid,1983,-5,1978,FC Barcelona,2270,5,2275
2010-09-19,Hércules CF,1877,-7,1870,Valencia CF,2078,7,2085
2010-09-19,Málaga CF,1898,-10,1888,Sevilla FC,2014,10,2024
2010-09-19,Racing Santander,1877,11,1888,Real Zaragoza,1891,-11,1880
2010-09-19,Levante UD,1805,-9,1796,Villarreal CF,1945,9,1954
2010-09-18,Real Sociedad,1833,-3,1830,Real Madrid,2223,3,2226
2010-09-18,RCD Mallorca,1992,7,1999,CA Osasuna,1881,-7,1874
2010-09-18,Espanyol Barcelona,1904,6,1910,UD Almería,1873,-6,1867
2010-09-18,Sporting Gijón,1838,-1,1837,Athletic Bilbao,1915,1,1916
2010-09-13,UD Almería,1877,-4,1873,Real Sociedad,1829,4,1833
2010-09-12,Sevilla FC,2041,-6,2035,Deportivo La Coruña,1874,6,1880
2010-09-12,Villarreal CF,1956,12,1968,Espanyol Barcelona,1916,-12,1904
2010-09-12,Sporting Gijón,1819,19,1838,RCD Mallorca,2011,-19,1992
2010-09-12,Real Zaragoza,1911,-20,1891,Málaga CF,1878,20,1898
2010-09-12,Getafe CF,1978,6,1984,Levante UD,1811,-6,1805
2010-09-11,FC Barcelona,2295,-29,2266,Hércules CF,1848,29,1877
2010-09-11,Real Madrid,2213,2,2215,CA Osasuna,1883,-2,1881
2010-09-11,Valencia CF,2053,3,2056,Racing Santander,1880,-3,1877
2010-09-11,Athletic Bilbao,1926,-11,1915,Atlético Madrid,1989,11,2000
2010-08-30,Atlético Madrid,1982,7,1989,Sporting Gijón,1826,-7,1819
2010-08-29,RCD Mallorca,2008,3,2011,Real Madrid,2216,-3,2213
2010-08-29,Racing Santander,1885,-5,1880,FC Barcelona,2290,5,2295
2010-08-29,Espanyol Barcelona,1901,15,1916,Getafe CF,1993,-15,1978
2010-08-29,Deportivo La Coruña,1876,-2,1874,Real Zaragoza,1909,2,1911
2010-08-29,Real Sociedad,1818,11,1829,Villarreal CF,1967,-11,1956
2010-08-29,CA Osasuna,1886,-3,1883,UD Almería,1874,3,1877
2010-08-28,Málaga CF,1891,-13,1878,Valencia CF,2040,13,2053
2010-08-28,Levante UD,1823,-12,1811,Sevilla FC,2029,12,2041
2010-08-28,Hércules CF,1859,-11,1848,Athletic Bilbao,1915,11,1926
2012-05-13,Real Madrid,2352,2,2354,RCD Mallorca,1945,-2,1943
2012-05-13,Villarreal CF,1904,-8,1896,Atlético Madrid,2086,8,2094
2012-05-13,Levante UD,1901,17,1918,Athletic Bilbao,1986,-17,1969
2012-05-13,Espanyol Barcelona,1884,-1,1883,Sevilla FC,1966,1,1967
2012-05-13,Málaga CF,1953,5,1958,Sporting Gijón,1862,-5,1857
2012-05-13,Getafe CF,1904,-21,1883,Real Zaragoza,1870,21,1891
2012-05-13,Racing Santander,1791,-13,1778,CA Osasuna,1933,13,1946
2012-05-13,Rayo Vallecano,1838,7,1845,Granada CF,1832,-7,1825
2012-05-12,Real Betis,1908,7,1915,FC Barcelona,2345,-7,2338
2012-05-12,Real Sociedad,1872,12,1884,Valencia CF,2028,-12,2016
2012-05-05,FC Barcelona,2344,1,2345,Espanyol Barcelona,1885,-1,1884
2012-05-05,Granada CF,1834,-2,1832,Real Madrid,2350,2,2352
2012-05-05,Atlético Madrid,2063,5,2068,Málaga CF,1958,-5,1953
2012-05-05,Valencia CF,2024,4,2028,Villarreal CF,1908,-4,1904
2012-05-05,Athletic Bilbao,2009,-5,2004,Getafe CF,1899,5,1904
2012-05-05,RCD Mallorca,1939,6,1945,Levante UD,1907,-6,1901
2012-05-05,CA Osasuna,1927,6,1933,Real Sociedad,1878,-6,1872
2012-05-05,Sevilla FC,1958,8,1966,Rayo Vallecano,1846,-8,1838
2012-05-05,Sporting Gijón,1853,9,1862,Real Betis,1917,-9,1908
2012-05-05,Real Zaragoza,1865,5,1870,Racing Santander,1796,-5,1791
2012-05-02,Athletic Bilbao,2017,-8,2009,Real Madrid,2342,8,2350
2012-05-02,FC Barcelona,2342,2,2344,Málaga CF,1960,-2,1958
2012-05-02,Valencia CF,2014,10,2024,CA Osasuna,1937,-10,1927
2012-05-02,Atlético Madrid,2070,-7,2063,Real Sociedad,1871,7,1878
2012-05-02,Sevilla FC,1973,-15,1958,Real Betis,1902,15,1917
2012-05-02,RCD Mallorca,1934,5,1939,Rayo Vallecano,1851,-5,1846
2012-05-02,Real Zaragoza,1856,9,1865,Levante UD,1916,-9,1907
2012-05-01,Sporting Gijón,1865,-12,1853,Villarreal CF,1896,12,1908
2012-05-01,Granada CF,1825,9,1834,Espanyol Barcelona,1894,-9,1885
2012-05-01,Getafe CF,1904,-5,1899,Racing Santander,1791,5,1796
2012-04-29,Real Madrid,2340,2,2342,Sevilla FC,1975,-2,1973
2012-04-29,Rayo Vallecano,1856,-5,1851,FC Barcelona,2337,5,2342
2012-04-29,Málaga CF,1951,9,1960,Valencia CF,2023,-9,2014
2012-04-29,Real Betis,1900,2,1902,Atlético Madrid,2072,-2,2070
2012-04-29,Real Zaragoza,1837,19,1856,Athletic Bilbao,2036,-19,2017
2012-04-28,Getafe CF,1924,-20,1904,RCD Mallorca,1914,20,1934
2012-04-28,Villarreal CF,1898,-2,1896,CA Osasuna,1935,2,1937
2012-04-28,Espanyol Barcelona,1920,-26,1894,Sporting Gijón,1839,26,1865
2012-04-28,Levante UD,1908,8,1916,Granada CF,1833,-8,1825
2012-04-28,Real Sociedad,1861,10,1871,Racing Santander,1801,-10,1791
2012-04-23,CA Osasuna,1937,-2,1935,Málaga CF,1949,2,1951
2012-04-22,Atlético Madrid,2050,7,2057,Espanyol Barcelona,1927,-7,1920
2012-04-22,Valencia CF,2030,8,2038,Real Betis,1908,-8,1900
2012-04-22,Racing Santander,1808,-7,1801,Athletic Bilbao,2019,7,2026
2012-04-22,Real Sociedad,1863,-2,1861,Villarreal CF,1896,2,1898
2012-04-22,Granada CF,1823,10,1833,Getafe CF,1934,-10,1924
2012-04-21,FC Barcelona,2361,-14,2347,Real Madrid,2320,14,2334
2012-04-21,Sevilla FC,1980,-5,1975,Levante UD,1903,5,1908
2012-04-21,RCD Mallorca,1908,6,1914,Real Zaragoza,1843,-6,1837
2012-04-21,Sporting Gijón,1831,8,1839,Rayo Vallecano,1864,-8,1856
2012-04-16,Getafe CF,1916,18,1934,Sevilla FC,1998,-18,1980
2012-04-15,Espanyol Barcelona,1905,22,1927,Valencia CF,2066,-22,2044
2012-04-15,Athletic Bilbao,2027,5,2032,RCD Mallorca,1913,-5,1908
2012-04-15,Rayo Vallecano,1872,-8,1864,Atlético Madrid,2028,8,2036
2012-04-15,Real Betis,1900,8,1908,CA Osasuna,1945,-8,1937
2012-04-15,Málaga CF,1954,-5,1949,Real Sociedad,1858,5,1863
2012-04-15,Villarreal CF,1901,-5,1896,Racing Santander,1803,5,1808
2012-04-15,Real Zaragoza,1836,7,1843,Granada CF,1830,-7,1823
2012-04-14,Levante UD,1905,-2,1903,FC Barcelona,2380,2,2382
2012-04-14,Real Madrid,2337,1,2338,Sporting Gijón,1832,-1,1831
2012-04-12,Villarreal CF,1892,9,1901,Málaga CF,1963,-9,1954
2012-04-12,Sevilla FC,1991,7,1998,Real Zaragoza,1843,-7,1836
2012-04-12,Racing Santander,1822,-19,1803,RCD Mallorca,1894,19,1913
2012-04-11,Atlético Madrid,2037,-9,2028,Real Madrid,2328,9,2337
2012-04-11,Valencia CF,2060,6,2066,Rayo Vallecano,1878,-6,1872
2012-04-11,Granada CF,1827,3,1830,Athletic Bilbao,2030,-3,2027
2012-04-11,Sporting Gijón,1822,10,1832,Levante UD,1915,-10,1905
2012-04-10,FC Barcelona,2379,1,2380,Getafe CF,1917,-1,1916
2012-04-10,CA Osasuna,1935,10,1945,Espanyol Barcelona,1915,-10,1905
2012-04-10,Real Sociedad,1860,-2,1858,Real Betis,1898,2,1900
2012-04-09,Málaga CF,1955,8,1963,Racing Santander,1830,-8,1822
2012-04-08,Real Madrid,2336,-8,2328,Valencia CF,2052,8,2060
2012-04-08,Athletic Bilbao,2023,7,2030,Sevilla FC,1998,-7,1991
2012-04-08,Levante UD,1898,17,1915,Atlético Madrid,2054,-17,2037
2012-04-08,RCD Mallorca,1899,-5,1894,Granada CF,1822,5,1827
2012-04-07,Real Zaragoza,1846,-3,1843,FC Barcelona,2376,3,2379
2012-04-07,Rayo Vallecano,1857,21,1878,CA Osasuna,1956,-21,1935
2012-04-07,Real Betis,1887,11,1898,Villarreal CF,1903,-11,1892
2012-04-07,Espanyol Barcelona,1919,-4,1915,Real Sociedad,1856,4,1860
2012-04-07,Getafe CF,1909,8,1917,Sporting Gijón,1830,-8,1822
2012-04-02,Sevilla FC,1990,8,1998,RCD Mallorca,1907,-8,1899
2012-04-01,Atlético Madrid,2033,8,2041,Getafe CF,1917,-8,1909
2012-04-01,Valencia CF,2048,-6,2042,Levante UD,1892,6,1898
2012-04-01,Villarreal CF,1906,-3,1903,Espanyol Barcelona,1916,3,1919
2012-04-01,Real Sociedad,1841,15,1856,Rayo Vallecano,1872,-15,1857
2012-03-31,FC Barcelona,2368,2,2370,Athletic Bilbao,2029,-2,2027
2012-03-31,CA Osasuna,1963,-7,1956,Real Madrid,2328,7,2335
2012-03-31,Málaga CF,1978,-23,1955,Real Betis,1864,23,1887
2012-03-31,Sporting Gijón,1843,-13,1830,Real Zaragoza,1833,13,1846
2012-03-31,Racing Santander,1844,-14,1830,Granada CF,1808,14,1822
2012-03-26,Granada CF,1823,-15,1808,Sevilla FC,1975,15,1990
2012-03-25,Espanyol Barcelona,1928,-12,1916,Málaga CF,1966,12,1978
2012-03-25,Real Zaragoza,1820,13,1833,Atlético Madrid,2039,-13,2026
2012-03-25,Levante UD,1910,-18,1892,CA Osasuna,1945,18,1963
2012-03-25,Athletic Bilbao,2010,-7,2003,Sporting Gijón,1836,7,1843
2012-03-25,Rayo Vallecano,1891,-19,1872,Villarreal CF,1887,19,1906
2012-03-25,Real Betis,1867,-3,1864,Racing Santander,1841,3,1844
2012-03-24,RCD Mallorca,1910,-3,1907,FC Barcelona,2371,3,2374
2012-03-24,Real Madrid,2323,1,2324,Real Sociedad,1842,-1,1841
2012-03-24,Getafe CF,1899,18,1917,Valencia CF,2081,-18,2063
2012-03-22,Málaga CF,1957,9,1966,Rayo Vallecano,1900,-9,1891
2012-03-22,Racing Santander,1859,-18,1841,Sevilla FC,1957,18,1975
2012-03-22,Real Betis,1868,-1,1867,Espanyol Barcelona,1927,1,1928
2012-03-21,Villarreal CF,1879,8,1887,Real Madrid,2331,-8,2323
2012-03-21,Atlético Madrid,2032,7,2039,Athletic Bilbao,2017,-7,2010
2012-03-21,Valencia CF,2099,-18,2081,Real Zaragoza,1802,18,1820
2012-03-21,Real Sociedad,1860,-18,1842,Levante UD,1892,18,1910
2012-03-21,Sporting Gijón,1847,-11,1836,RCD Mallorca,1899,11,1910
2012-03-20,FC Barcelona,2370,1,2371,Granada CF,1824,-1,1823
2012-03-20,CA Osasuna,1949,-4,1945,Getafe CF,1895,4,1899
2012-03-19,Espanyol Barcelona,1918,9,1927,Racing Santander,1868,-9,1859
2012-03-18,Real Madrid,2340,-9,2331,Málaga CF,1948,9,1957
2012-03-18,Athletic Bilbao,2037,-20,2017,Valencia CF,2079,20,2099
2012-03-18,RCD Mallorca,1887,12,1899,Atlético Madrid,2044,-12,2032
2012-03-18,Levante UD,1885,7,1892,Villarreal CF,1886,-7,1879
2012-03-17,Sevilla FC,1961,-4,1957,FC Barcelona,2366,4,2370
2012-03-17,Rayo Vallecano,1888,12,1900,Real Betis,1880,-12,1868
2012-03-17,Getafe CF,1888,7,1895,Real Sociedad,1867,-7,1860
2012-03-17,Real Zaragoza,1801,1,1802,CA Osasuna,1950,-1,1949
2012-03-17,Granada CF,1816,8,1824,Sporting Gijón,1855,-8,1847
2012-03-12,Villarreal CF,1899,-13,1886,Getafe CF,1875,13,1888
2012-03-11,Racing Santander,1871,-3,1868,FC Barcelona,2363,3,2366
2012-03-11,CA Osasuna,1940,10,1950,Athletic Bilbao,2032,-10,2022
2012-03-11,Valencia CF,2086,-7,2079,RCD Mallorca,1880,7,1887
2012-03-11,Atlético Madrid,2024,4,2028,Granada CF,1820,-4,1816
2012-03-11,Espanyol Barcelona,1905,13,1918,Rayo Vallecano,1901,-13,1888
2012-03-10,Real Betis,1882,-2,1880,Real Madrid,2335,2,2337
2012-03-10,Málaga CF,1942,6,1948,Levante UD,1891,-6,1885
2012-03-10,Sporting Gijón,1844,11,1855,Sevilla FC,1972,-11,1961
2012-03-10,Real Sociedad,1856,11,1867,Real Zaragoza,1812,-11,1801
2012-03-05,Levante UD,1880,11,1891,Real Betis,1893,-11,1882
2012-03-04,Real Madrid,2333,2,2335,Espanyol Barcelona,1907,-2,1905
2012-03-04,Granada CF,1826,-6,1820,Valencia CF,2070,6,2076
2012-03-04,Athletic Bilbao,2005,6,2011,Real Sociedad,1862,-6,1856
2012-03-04,Real Zaragoza,1802,10,1812,Villarreal CF,1909,-10,1899
2012-03-03,FC Barcelona,2357,1,2358,Sporting Gijón,1845,-1,1844
2012-03-03,Sevilla FC,1974,-2,1972,Atlético Madrid,2016,2,2018
2012-03-03,RCD Mallorca,1881,-1,1880,CA Osasuna,1939,1,1940
2012-03-03,Getafe CF,1893,-18,1875,Málaga CF,1924,18,1942
2012-03-03,Rayo Vallecano,1891,10,1901,Racing Santander,1881,-10,1871
2012-02-26,Atlético Madrid,2020,-4,2016,FC Barcelona,2353,4,2357
2012-02-26,Rayo Vallecano,1894,-3,1891,Real Madrid,2330,3,2333
2012-02-26,Valencia CF,2086,-16,2070,Sevilla FC,1958,16,1974
2012-02-26,Villarreal CF,1909,0,1909,Athletic Bilbao,2005,0,2005
2012-02-26,CA Osasuna,1934,5,1939,Granada CF,1831,-5,1826
2012-02-26,Real Sociedad,1854,8,1862,RCD Mallorca,1889,-8,1881
2012-02-25,Espanyol Barcelona,1921,-14,1907,Levante UD,1866,14,1880
2012-02-25,Real Betis,1896,-3,1893,Getafe CF,1890,3,1893
2012-02-25,Racing Santander,1885,-4,1881,Sporting Gijón,1841,4,1845
2012-02-25,Málaga CF,1915,9,1924,Real Zaragoza,1811,-9,1802
2012-02-20,Real Zaragoza,1828,-17,1811,Real Betis,1879,17,1896
2012-02-19,FC Barcelona,2349,4,2353,Valencia CF,2086,-4,2082
2012-02-19,Athletic Bilbao,1989,10,1999,Málaga CF,1925,-10,1915
2012-02-19,Sporting Gijón,1839,2,1841,Atlético Madrid,2015,-2,2013
2012-02-19,RCD Mallorca,1873,16,1889,Villarreal CF,1925,-16,1909
2012-02-19,Levante UD,1886,-20,1866,Rayo Vallecano,1874,20,1894
2012-02-19,Granada CF,1816,15,1831,Real Sociedad,1869,-15,1854
2012-02-18,Real Madrid,2339,1,2340,Racing Santander,1886,-1,1885
2012-02-18,Sevilla FC,1947,11,1958,CA Osasuna,1945,-11,1934
2012-02-18,Getafe CF,1892,-2,1890,Espanyol Barcelona,1919,2,1921
2012-02-13,Real Sociedad,1854,15,1869,Sevilla FC,1962,-15,1947
2012-02-12,Real Madrid,2338,1,2339,Levante UD,1887,-1,1886
2012-02-12,Valencia CF,2070,5,2075,Sporting Gijón,1844,-5,1839
2012-02-12,Málaga CF,1916,9,1925,RCD Mallorca,1882,-9,1873
2012-02-12,Rayo Vallecano,1861,13,1874,Getafe CF,1905,-13,1892
2012-02-12,Espanyol Barcelona,1943,-24,1919,Real Zaragoza,1804,24,1828
2012-02-12,Villarreal CF,1918,7,1925,Granada CF,1823,-7,1816
2012-02-11,CA Osasuna,1928,17,1945,FC Barcelona,2357,-17,2340
2012-02-11,Real Betis,1868,11,1879,Athletic Bilbao,2013,-11,2002
2012-02-11,Racing Santander,1886,0,1886,Atlético Madrid,1990,0,1990
2012-02-06,Granada CF,1813,10,1823,Málaga CF,1926,-10,1916
2012-02-05,Atlético Madrid,1990,0,1990,Valencia CF,2073,0,2073
2012-02-05,Sevilla FC,1977,-15,1962,Villarreal CF,1903,15,1918
2012-02-05,Sporting Gijón,1845,-1,1844,CA Osasuna,1927,1,1928
2012-02-05,Real Zaragoza,1816,-12,1804,Rayo Vallecano,1849,12,1861
2012-02-04,Getafe CF,1908,-3,1905,Real Madrid,2335,3,2338
2012-02-04,FC Barcelona,2353,1,2354,Real Sociedad,1855,-1,1854
2012-02-04,Athletic Bilbao,2018,-5,2013,Espanyol Barcelona,1938,5,1943
2012-02-04,Levante UD,1890,-3,1887,Racing Santander,1883,3,1886
2012-02-04,RCD Mallorca,1875,7,1882,Real Betis,1875,-7,1868
2012-01-30,CA Osasuna,1939,-12,1927,Atlético Madrid,1978,12,1990
2012-01-29,Racing Santander,1880,3,1883,Valencia CF,2071,-3,2068
2012-01-29,Málaga CF,1917,9,1926,Sevilla FC,1986,-9,1977
2012-01-29,Levante UD,1903,-13,1890,Getafe CF,1895,13,1908
2012-01-29,Real Sociedad,1841,14,1855,Sporting Gijón,1859,-14,1845
2012-01-29,Real Betis,1890,-15,1875,Granada CF,1798,15,1813
2012-01-28,Villarreal CF,1895,8,1903,FC Barcelona,2366,-8,2358
2012-01-28,Real Madrid,2334,1,2335,Real Zaragoza,1817,-1,1816
2012-01-28,Rayo Vallecano,1857,-8,1849,Athletic Bilbao,2010,8,2018
2012-01-28,Espanyol Barcelona,1932,6,1938,RCD Mallorca,1881,-6,1875
2012-01-23,Villarreal CF,1883,12,1895,Sporting Gijón,1871,-12,1859
2012-01-22,Real Madrid,2327,3,2330,Athletic Bilbao,2003,-3,2000
2012-01-22,Málaga CF,1921,-4,1917,FC Barcelona,2366,4,2370
2012-01-22,CA Osasuna,1939,0,1939,Valencia CF,2055,0,2055
2012-01-22,Rayo Vallecano,1870,-13,1857,RCD Mallorca,1878,13,1891
2012-01-22,Levante UD,1924,-5,1919,Real Zaragoza,1812,5,1817
2012-01-21,Real Betis,1890,0,1890,Sevilla FC,1986,0,1986
2012-01-21,Real Sociedad,1860,-19,1841,Atlético Madrid,1959,19,1978
2012-01-21,Racing Santander,1893,-13,1880,Getafe CF,1882,13,1895
2012-01-21,Espanyol Barcelona,1924,8,1932,Granada CF,1806,-8,1798
2012-01-15,FC Barcelona,2353,1,2354,Real Betis,1891,-1,1890
2012-01-15,Athletic Bilbao,1985,11,1996,Levante UD,1943,-11,1932
2012-01-15,Atlético Madrid,1949,10,1959,Villarreal CF,1893,-10,1883
2012-01-15,CA Osasuna,1962,-23,1939,Racing Santander,1870,23,1893
2012-01-15,Sporting Gijón,1862,9,1871,Málaga CF,1930,-9,1921
2012-01-14,RCD Mallorca,1887,-2,1885,Real Madrid,2337,2,2339
2012-01-14,Sevilla FC,1991,-5,1986,Espanyol Barcelona,1919,5,1924
2012-01-14,Valencia CF,2064,-17,2047,Real Sociedad,1843,17,1860
2012-01-14,Real Zaragoza,1813,-1,1812,Getafe CF,1881,1,1882
2012-01-14,Granada CF,1818,-12,1806,Rayo Vallecano,1858,12,1870
2012-01-08,Espanyol Barcelona,1905,8,1913,FC Barcelona,2358,-8,2350
2012-01-08,Villarreal CF,1891,2,1893,Valencia CF,2076,-2,2074
2012-01-08,Getafe CF,1881,0,1881,Athletic Bilbao,1982,0,1982
2012-01-08,Rayo Vallecano,1847,11,1858,Sevilla FC,1992,-11,1981
2012-01-08,Real Betis,1881,10,1891,Sporting Gijón,1872,-10,1862
2012-01-07,Real Madrid,2333,1,2334,Granada CF,1819,-1,1818
2012-01-07,Málaga CF,1935,-2,1933,Atlético Madrid,1947,2,1949
2012-01-07,Real Sociedad,1857,0,1857,CA Osasuna,1965,0,1965
2012-01-07,Levante UD,1941,-5,1936,RCD Mallorca,1868,5,1873
2012-01-07,Racing Santander,1864,6,1870,Real Zaragoza,1819,-6,1813
2011-12-18,Valencia CF,2061,7,2068,Málaga CF,1947,-7,1940
2011-12-18,CA Osasuna,1968,5,1973,Villarreal CF,1896,-5,1891
2011-12-18,Atlético Madrid,1990,-24,1966,Real Betis,1852,24,1876
2011-12-18,Granada CF,1799,12,1811,Levante UD,1954,-12,1942
2011-12-18,Racing Santander,1875,-3,1872,Real Sociedad,1850,3,1853
2011-12-17,Sevilla FC,2005,-8,1997,Real Madrid,2324,8,2332
2011-12-17,Athletic Bilbao,1983,4,1987,Real Zaragoza,1846,-4,1842
2011-12-17,Sporting Gijón,1905,-13,1892,Espanyol Barcelona,1896,13,1909
2011-12-17,RCD Mallorca,1873,-13,1860,Getafe CF,1864,13,1877
2011-12-11,Málaga CF,1939,-3,1936,CA Osasuna,1950,3,1953
2011-12-11,Espanyol Barcelona,1880,16,1896,Atlético Madrid,1997,-16,1981
2011-12-11,Athletic Bilbao,2005,-6,1999,Racing Santander,1862,6,1868
2011-12-11,Rayo Vallecano,1865,-19,1846,Sporting Gijón,1873,19,1892
2011-12-11,Villarreal CF,1900,-4,1896,Real Sociedad,1835,4,1839
2011-12-11,Real Zaragoza,1858,-12,1846,RCD Mallorca,1874,12,1886
2011-12-11,Getafe CF,1869,6,1875,Granada CF,1816,-6,1810
2011-12-10,Real Madrid,2342,-19,2323,FC Barcelona,2336,19,2355
2011-12-10,Levante UD,1960,9,1969,Sevilla FC,2014,-9,2005
2011-12-10,Real Betis,1848,14,1862,Valencia CF,2081,-14,2067
2011-12-07,Granada CF,1817,-1,1816,RCD Mallorca,1873,1,1874
2011-12-05,Sevilla FC,2007,7,2014,Getafe CF,1876,-7,1869
2011-12-04,Atlético Madrid,2008,6,2014,Rayo Vallecano,1871,-6,1865
2011-12-04,RCD Mallorca,1872,1,1873,Athletic Bilbao,2002,-1,2001
2011-12-04,CA Osasuna,1945,5,1950,Real Betis,1853,-5,1848
2011-12-04,Real Sociedad,1824,11,1835,Málaga CF,1950,-11,1939
2011-12-04,Granada CF,1808,9,1817,Real Zaragoza,1867,-9,1858
2011-12-03,FC Barcelona,2333,2,2335,Levante UD,1962,-2,1960
2011-12-03,Sporting Gijón,1877,-4,1873,Real Madrid,2327,4,2331
2011-12-03,Valencia CF,2096,3,2099,Espanyol Barcelona,1883,-3,1880
2011-12-03,Racing Santander,1853,9,1862,Villarreal CF,1930,-9,1921
2011-11-29,FC Barcelona,2332,1,2333,Rayo Vallecano,1872,-1,1871
2011-11-28,Málaga CF,1943,7,1950,Villarreal CF,1937,-7,1930
2011-11-27,Real Zaragoza,1876,-9,1867,Sevilla FC,1998,9,2007
2011-11-27,Levante UD,1951,11,1962,Sporting Gijón,1888,-11,1877
2011-11-27,Espanyol Barcelona,1895,-12,1883,CA Osasuna,1933,12,1945
2011-11-27,Athletic Bilbao,2016,-17,1999,Granada CF,1791,17,1808
2011-11-27,RCD Mallorca,1865,7,1872,Racing Santander,1860,-7,1853
2011-11-27,Real Betis,1867,-14,1853,Real Sociedad,1810,14,1824
2011-11-26,Real Madrid,2324,3,2327,Atlético Madrid,1996,-3,1993
2011-11-26,Getafe CF,1858,18,1876,FC Barcelona,2350,-18,2332
2011-11-26,Rayo Vallecano,1879,-7,1872,Valencia CF,2089,7,2096
2011-11-21,Racing Santander,1877,-17,1860,Málaga CF,1926,17,1943
2011-11-20,Sevilla FC,2011,-13,1998,Athletic Bilbao,2003,13,2016
2011-11-20,Atlético Madrid,1990,6,1996,Levante UD,1957,-6,1951
2011-11-20,CA Osasuna,1937,-4,1933,Rayo Vallecano,1875,4,1879
2011-11-20,Sporting Gijón,1881,7,1888,Getafe CF,1865,-7,1858
2011-11-20,Real Sociedad,1810,0,1810,Espanyol Barcelona,1895,0,1895
2011-11-19,Valencia CF,2086,-6,2080,Real Madrid,2316,6,2322
2011-11-19,FC Barcelona,2340,1,2341,Real Zaragoza,1877,-1,1876
2011-11-19,Villarreal CF,1936,6,1942,Real Betis,1873,-6,1867
2011-11-06,Athletic Bilbao,1997,6,2003,FC Barcelona,2345,-6,2339
2011-11-06,Real Madrid,2313,3,2316,CA Osasuna,1940,-3,1937
2011-11-06,Getafe CF,1854,11,1865,Atlético Madrid,2001,-11,1990
2011-11-06,Espanyol Barcelona,1897,-2,1895,Villarreal CF,1934,2,1936
2011-11-06,Real Zaragoza,1880,-3,1877,Sporting Gijón,1878,3,1881
2011-11-06,Rayo Vallecano,1863,12,1875,Real Sociedad,1822,-12,1810
2011-11-06,Granada CF,1791,0,1791,Racing Santander,1877,0,1877
2011-11-05,Levante UD,1972,-15,1957,Valencia CF,2071,15,2086
2011-11-05,RCD Mallorca,1864,1,1865,Sevilla FC,2012,-1,2011
2011-11-05,Real Betis,1874,-1,1873,Málaga CF,1925,1,1926
2011-10-31,Sevilla FC,2030,-18,2012,Granada CF,1773,18,1791
2011-10-30,CA Osasuna,1927,13,1940,Levante UD,1985,-13,1972
2011-10-30,Sporting Gijón,1878,0,1878,Athletic Bilbao,1987,0,1987
2011-10-30,Atlético Madrid,1973,8,1981,Real Zaragoza,1888,-8,1880
2011-10-30,Málaga CF,1918,7,1925,Espanyol Barcelona,1904,-7,1897
2011-10-30,Racing Santander,1869,8,1877,Real Betis,1882,-8,1874
2011-10-29,FC Barcelona,2337,1,2338,RCD Mallorca,1865,-1,1864
2011-10-29,Real Sociedad,1824,-2,1822,Real Madrid,2299,2,2301
2011-10-29,Valencia CF,2052,5,2057,Getafe CF,1859,-5,1854
2011-10-29,Villarreal CF,1943,8,1951,Rayo Vallecano,1871,-8,1863
2011-10-27,Athletic Bilbao,1974,13,1987,Atlético Madrid,1986,-13,1973
2011-10-27,Espanyol Barcelona,1897,7,1904,Real Betis,1889,-7,1882
2011-10-26,Real Madrid,2297,2,2299,Villarreal CF,1945,-2,1943
2011-10-26,Real Zaragoza,1897,-9,1888,Valencia CF,2043,9,2052
2011-10-26,Levante UD,1981,4,1985,Real Sociedad,1828,-4,1824
2011-10-26,Rayo Vallecano,1857,14,1871,Málaga CF,1932,-14,1918
2011-10-26,Getafe CF,1860,-1,1859,CA Osasuna,1926,1,1927
2011-10-26,RCD Mallorca,1878,-13,1865,Sporting Gijón,1865,13,1878
2011-10-25,Granada CF,1774,-1,1773,FC Barcelona,2336,1,2337
2011-10-25,Sevilla FC,2037,-7,2030,Racing Santander,1862,7,1869
2011-10-23,Valencia CF,2048,-5,2043,Athletic Bilbao,1969,5,1974
2011-10-23,Villarreal CF,1968,-23,1945,Levante UD,1958,23,1981
2011-10-23,Atlético Madrid,1992,-6,1986,RCD Mallorca,1872,6,1878
2011-10-23,CA Osasuna,1914,12,1926,Real Zaragoza,1909,-12,1897
2011-10-23,Real Betis,1911,-22,1889,Rayo Vallecano,1835,22,1857
2011-10-23,Real Sociedad,1830,-2,1828,Getafe CF,1858,2,1860
2011-10-22,FC Barcelona,2344,-8,2336,Sevilla FC,2029,8,2037
2011-10-22,Málaga CF,1939,-7,1932,Real Madrid,2290,7,2297
2011-10-22,Racing Santander,1875,-13,1862,Espanyol Barcelona,1884,13,1897
2011-10-22,Sporting Gijón,1857,8,1865,Granada CF,1782,-8,1774
2011-10-17,Athletic Bilbao,1968,9,1977,CA Osasuna,1923,-9,1914
2011-10-16,Levante UD,1945,13,1958,Málaga CF,1952,-13,1939
2011-10-16,Sevilla FC,2025,4,2029,Sporting Gijón,1861,-4,1857
2011-10-16,Real Zaragoza,1901,8,1909,Real Sociedad,1838,-8,1830
2011-10-16,Rayo Vallecano,1847,-12,1835,Espanyol Barcelona,1872,12,1884
2011-10-15,FC Barcelona,2341,1,2342,Racing Santander,1876,-1,1875
2011-10-15,Real Madrid,2282,2,2284,Real Betis,1913,-2,1911
2011-10-15,RCD Mallorca,1869,3,1872,Valencia CF,2064,-3,2061
2011-10-15,Getafe CF,1858,0,1858,Villarreal CF,1973,0,1973
2011-10-15,Granada CF,1778,4,1782,Atlético Madrid,2009,-4,2005
2011-10-02,Sporting Gijón,1863,-2,1861,FC Barcelona,2339,2,2341
2011-10-02,Espanyol Barcelona,1878,-6,1872,Real Madrid,2276,6,2282
2011-10-02,Atlético Madrid,2011,-2,2009,Sevilla FC,2023,2,2025
2011-10-02,Real Betis,1926,-13,1913,Levante UD,1932,13,1945
2011-10-02,Real Sociedad,1848,-10,1838,Athletic Bilbao,1958,10,1968
2011-10-01,Villarreal CF,1978,-5,1973,Real Zaragoza,1896,5,1901
2011-10-01,Valencia CF,2062,2,2064,Granada CF,1780,-2,1778
2011-10-01,Málaga CF,1947,5,1952,Getafe CF,1863,-5,1858
2011-10-01,CA Osasuna,1927,-4,1923,RCD Mallorca,1865,4,1869
2011-10-01,Racing Santander,1880,-4,1876,Rayo Vallecano,1843,4,1847
2011-09-26,Getafe CF,1853,10,1863,Real Betis,1936,-10,1926
2011-09-25,Real Zaragoza,1897,-1,1896,Málaga CF,1946,1,1947
2011-09-25,Levante UD,1923,9,1932,Espanyol Barcelona,1887,-9,1878
2011-09-25,Sporting Gijón,1865,-2,1863,Racing Santander,1878,2,1880
2011-09-25,RCD Mallorca,1858,7,1865,Real Sociedad,1855,-7,1848
2011-09-25,Granada CF,1779,1,1780,CA Osasuna,1928,-1,1927
2011-09-24,FC Barcelona,2332,3,2335,Atlético Madrid,2014,-3,2011
2011-09-24,Real Madrid,2268,2,2270,Rayo Vallecano,1845,-2,1843
2011-09-24,Sevilla FC,2014,9,2023,Valencia CF,2072,-9,2063
2011-09-24,Athletic Bilbao,1943,-1,1942,Villarreal CF,1992,1,1993
2011-09-22,Real Betis,1930,6,1936,Real Zaragoza,1903,-6,1897
2011-09-22,Espanyol Barcelona,1880,7,1887,Getafe CF,1860,-7,1853
2011-09-21,Valencia CF,2068,4,2072,FC Barcelona,2336,-4,2332
2011-09-21,Racing Santander,1871,7,1878,Real Madrid,2275,-7,2268
2011-09-21,Málaga CF,1939,7,1946,Athletic Bilbao,1950,-7,1943
2011-09-21,Atlético Madrid,2006,8,2014,Sporting Gijón,1873,-8,1865
2011-09-21,Rayo Vallecano,1856,-11,1845,Levante UD,1912,11,1923
2011-09-20,CA Osasuna,1928,0,1928,Sevilla FC,2014,0,2014
2011-09-20,Villarreal CF,1985,7,1992,RCD Mallorca,1865,-7,1858
2011-09-20,Real Sociedad,1849,6,1855,Granada CF,1785,-6,1779
2011-09-18,Levante UD,1895,17,1912,Real Madrid,2292,-17,2275
2011-09-18,Athletic Bilbao,1964,-14,1950,Real Betis,1916,14,1930
2011-09-18,Atlético Madrid,1998,8,2006,Racing Santander,1879,-8,1871
2011-09-18,Real Zaragoza,1896,7,1903,Espanyol Barcelona,1887,-7,1880
2011-09-18,Getafe CF,1874,-14,1860,Rayo Vallecano,1842,14,1856
2011-09-17,FC Barcelona,2334,2,2336,CA Osasuna,1930,-2,1928
2011-09-17,Sporting Gijón,1881,-8,1873,Valencia CF,2060,8,2068
2011-09-17,Sevilla FC,2010,4,2014,Real Sociedad,1853,-4,1849
2011-09-17,RCD Mallorca,1876,-11,1865,Málaga CF,1928,11,1939
2011-09-17,Granada CF,1772,13,1785,Villarreal CF,1998,-13,1985
2011-09-12,Málaga CF,1920,8,1928,Granada CF,1780,-8,1772
2011-09-11,Espanyol Barcelona,1877,10,1887,Athletic Bilbao,1964,-10,1954
2011-09-11,CA Osasuna,1924,6,1930,Sporting Gijón,1887,-6,1881
2011-09-11,Real Betis,1909,7,1916,RCD Mallorca,1883,-7,1876
2011-09-11,Racing Santander,1882,-3,1879,Levante UD,1892,3,1895
2011-09-11,Rayo Vallecano,1843,-1,1842,Real Zaragoza,1895,1,1896
2011-09-10,Real Sociedad,1845,8,1853,FC Barcelona,2354,-8,2346
2011-09-10,Real Madrid,2285,2,2287,Getafe CF,1876,-2,1874
2011-09-10,Valencia CF,2059,5,2064,Atlético Madrid,1989,-5,1984
2011-09-10,Villarreal CF,2020,-3,2017,Sevilla FC,2007,3,2010
2011-08-29,FC Barcelona,2351,3,2354,Villarreal CF,2023,-3,2020
2011-08-28,Real Zaragoza,1902,-7,1895,Real Madrid,2278,7,2285
2011-08-28,Sevilla FC,2002,5,2007,Málaga CF,1925,-5,1920
2011-08-28,Atlético Madrid,1994,-5,1989,CA Osasuna,1919,5,1924
2011-08-28,Athletic Bilbao,1970,-6,1964,Rayo Vallecano,1837,6,1843
2011-08-28,Getafe CF,1878,-2,1876,Levante UD,1890,2,1892
2011-08-28,RCD Mallorca,1876,7,1883,Espanyol Barcelona,1884,-7,1877
2011-08-27,Valencia CF,2056,3,2059,Racing Santander,1885,-3,1882
2011-08-27,Sporting Gijón,1902,-15,1887,Real Sociedad,1830,15,1845
2011-08-27,Granada CF,1790,-10,1780,Real Betis,1899,10,1909
2013-06-01,FC Barcelona,2258,4,2262,Málaga CF,2006,-4,2002
2013-06-01,Real Madrid,2274,2,2276,CA Osasuna,1894,-2,1892
2013-06-01,Sevilla FC,1968,11,1979,Valencia CF,2090,-11,2079
2013-06-01,Real Zaragoza,1851,-9,1842,Atlético Madrid,2108,9,2117
2013-06-01,Deportivo La Coruña,1894,-9,1885,Real Sociedad,2032,9,2041
2013-06-01,Levante UD,1892,-1,1891,Real Betis,1962,1,1963
2013-06-01,Celta Vigo,1869,8,1877,Espanyol Barcelona,1912,-8,1904
2013-06-01,Rayo Vallecano,1891,-3,1888,Athletic Bilbao,1887,3,1890
2013-06-01,Granada CF,1870,12,1882,Getafe CF,1899,-12,1887
2013-06-01,RCD Mallorca,1855,12,1867,Real Valladolid,1878,-12,1866
2013-05-26,Real Sociedad,2028,4,2032,Real Madrid,2278,-4,2274
2013-05-26,Espanyol Barcelona,1918,-6,1912,FC Barcelona,2252,6,2258
2013-05-26,Atlético Madrid,2116,-8,2108,RCD Mallorca,1847,8,1855
2013-05-26,Valencia CF,2087,3,2090,Granada CF,1873,-3,1870
2013-05-26,Málaga CF,1999,7,2006,Deportivo La Coruña,1901,-7,1894
2013-05-26,CA Osasuna,1884,10,1894,Sevilla FC,1978,-10,1968
2013-05-26,Real Betis,1953,9,1962,Real Zaragoza,1860,-9,1851
2013-05-26,Getafe CF,1913,-14,1899,Rayo Vallecano,1877,14,1891
2013-05-26,Athletic Bilbao,1900,-13,1887,Levante UD,1879,13,1892
2013-05-26,Real Valladolid,1899,-21,1878,Celta Vigo,1848,21,1869
2013-05-20,RCD Mallorca,1836,11,1847,Real Betis,1964,-11,1953
2013-05-19,FC Barcelona,2251,1,2252,Real Valladolid,1900,-1,1899
2013-05-19,Deportivo La Coruña,1889,12,1901,Espanyol Barcelona,1930,-12,1918
2013-05-19,Real Zaragoza,1872,-12,1860,Athletic Bilbao,1888,12,1900
2013-05-19,Levante UD,1893,-14,1879,Rayo Vallecano,1863,14,1877
2013-05-18,Sevilla FC,1990,-12,1978,Real Sociedad,2016,12,2028
2013-05-18,Getafe CF,1921,-8,1913,Valencia CF,2079,8,2087
2013-05-18,Granada CF,1859,14,1873,CA Osasuna,1898,-14,1884
2013-05-13,Real Sociedad,2023,-7,2016,Granada CF,1852,7,1859
2013-05-12,Atlético Madrid,2108,-9,2099,FC Barcelona,2242,9,2251
2013-05-12,Málaga CF,2002,-3,1999,Sevilla FC,1987,3,1990
2013-05-12,Rayo Vallecano,1877,-14,1863,Valencia CF,2065,14,2079
2013-05-12,Real Betis,1959,5,1964,Celta Vigo,1853,-5,1848
2013-05-11,Espanyol Barcelona,1923,7,1930,Real Madrid,2302,-7,2295
2013-05-11,CA Osasuna,1890,8,1898,Getafe CF,1929,-8,1921
2013-05-11,Real Valladolid,1893,7,1900,Deportivo La Coruña,1896,-7,1889
2013-05-11,Athletic Bilbao,1882,6,1888,RCD Mallorca,1842,-6,1836
2013-05-10,Levante UD,1897,-4,1893,Real Zaragoza,1868,4,1872
2013-05-08,Real Madrid,2298,4,2302,Málaga CF,2006,-4,2002
2013-05-08,Celta Vigo,1862,-9,1853,Atlético Madrid,2099,9,2108
2013-05-06,Getafe CF,1919,10,1929,Real Sociedad,2033,-10,2023
2013-05-05,FC Barcelona,2239,3,2242,Real Betis,1962,-3,1959
2013-05-05,Sevilla FC,1976,11,1987,Espanyol Barcelona,1934,-11,1923
2013-05-05,Real Zaragoza,1854,14,1868,Rayo Vallecano,1891,-14,1877
2013-05-05,RCD Mallorca,1843,-1,1842,Levante UD,1896,1,1897
2013-05-04,Real Madrid,2297,1,2298,Real Valladolid,1894,-1,1893
2013-05-04,Deportivo La Coruña,1893,3,1896,Atlético Madrid,2102,-3,2099
2013-05-04,Valencia CF,2058,7,2065,CA Osasuna,1897,-7,1890
2013-05-04,Granada CF,1840,12,1852,Málaga CF,2018,-12,2006
2013-05-03,Celta Vigo,1864,-2,1862,Athletic Bilbao,1880,2,1882
2013-04-29,Real Betis,1967,-5,1962,Deportivo La Coruña,1888,5,1893
2013-04-28,Real Sociedad,2020,13,2033,Valencia CF,2071,-13,2058
2013-04-28,Málaga CF,2013,5,2018,Getafe CF,1924,-5,1919
2013-04-28,Real Valladolid,1895,-1,1894,Sevilla FC,1975,1,1976
2013-04-28,Espanyol Barcelona,1950,-16,1934,Granada CF,1824,16,1840
2013-04-27,Atlético Madrid,2110,-8,2102,Real Madrid,2275,8,2283
2013-04-27,Athletic Bilbao,1873,7,1880,FC Barcelona,2276,-7,2269
2013-04-27,Levante UD,1910,-14,1896,Celta Vigo,1850,14,1864
2013-04-27,Real Zaragoza,1847,7,1854,RCD Mallorca,1850,-7,1843
2013-04-26,Rayo Vallecano,1894,-3,1891,CA Osasuna,1894,3,1897
2013-04-22,Celta Vigo,1843,7,1850,Real Zaragoza,1854,-7,1847
2013-04-21,Sevilla FC,1985,-10,1975,Atlético Madrid,2100,10,2110
2013-04-21,CA Osasuna,1893,1,1894,Real Sociedad,2021,-1,2020
2013-04-21,Getafe CF,1944,-20,1924,Espanyol Barcelona,1930,20,1950
2013-04-21,Deportivo La Coruña,1891,-3,1888,Athletic Bilbao,1870,3,1873
2013-04-20,Real Madrid,2298,2,2300,Real Betis,1969,-2,1967
2013-04-20,FC Barcelona,2295,1,2296,Levante UD,1911,-1,1910
2013-04-20,Valencia CF,2059,12,2071,Málaga CF,2025,-12,2013
2013-04-20,Granada CF,1825,-1,1824,Real Valladolid,1894,1,1895
2013-04-19,RCD Mallorca,1852,-2,1850,Rayo Vallecano,1892,2,1894
2013-04-15,RCD Mallorca,1845,7,1852,Celta Vigo,1850,-7,1843
2013-04-14,Athletic Bilbao,1875,-5,1870,Real Madrid,2293,5,2298
2013-04-14,Real Zaragoza,1859,-5,1854,FC Barcelona,2290,5,2295
2013-04-14,Atlético Madrid,2096,4,2100,Granada CF,1829,-4,1825
2013-04-14,Rayo Vallecano,1907,-15,1892,Real Sociedad,2006,15,2021
2013-04-13,Espanyol Barcelona,1929,1,1930,Valencia CF,2060,-1,2059
2013-04-13,Málaga CF,2021,4,2025,CA Osasuna,1897,-4,1893
2013-04-13,Real Valladolid,1885,9,1894,Getafe CF,1953,-9,1944
2013-04-13,Levante UD,1939,-28,1911,Deportivo La Coruña,1863,28,1891
2013-04-12,Real Betis,1971,-2,1969,Sevilla FC,1983,2,1985
2013-04-08,Sevilla FC,1978,5,1983,Athletic Bilbao,1880,-5,1875
2013-04-07,Getafe CF,1952,1,1953,Atlético Madrid,2097,-1,2096
2013-04-07,Valencia CF,2056,4,2060,Real Valladolid,1889,-4,1885
2013-04-07,CA Osasuna,1916,-19,1897,Espanyol Barcelona,1910,19,1929
2013-04-07,Celta Vigo,1868,-18,1850,Rayo Vallecano,1889,18,1907
2013-04-06,Real Madrid,2316,2,2318,Levante UD,1941,-2,1939
2013-04-06,FC Barcelona,2298,2,2300,RCD Mallorca,1847,-2,1845
2013-04-06,Real Sociedad,1993,13,2006,Málaga CF,2039,-13,2026
2013-04-06,Deportivo La Coruña,1855,8,1863,Real Zaragoza,1867,-8,1859
2013-04-05,Granada CF,1848,-19,1829,Real Betis,1952,19,1971
2013-04-01,Real Betis,1955,-3,1952,Getafe CF,1949,3,1952
2013-04-01,Athletic Bilbao,1873,7,1880,Granada CF,1855,-7,1848
2013-03-31,Atlético Madrid,2101,-4,2097,Valencia CF,2052,4,2056
2013-03-31,Espanyol Barcelona,1911,-1,1910,Real Sociedad,1992,1,1993
2013-03-31,Real Valladolid,1909,-20,1889,CA Osasuna,1896,20,1916
2013-03-31,RCD Mallorca,1860,-13,1847,Deportivo La Coruña,1842,13,1855
2013-03-30,Real Zaragoza,1859,8,1867,Real Madrid,2321,-8,2313
2013-03-30,Celta Vigo,1860,8,1868,FC Barcelona,2310,-8,2302
2013-03-30,Rayo Vallecano,1903,-14,1889,Málaga CF,2022,14,2036
2013-03-30,Levante UD,1932,9,1941,Sevilla FC,1987,-9,1978
2013-03-17,FC Barcelona,2308,2,2310,Rayo Vallecano,1905,-2,1903
2013-03-17,CA Osasuna,1907,-11,1896,Atlético Madrid,2090,11,2101
2013-03-17,Málaga CF,2047,-25,2022,Espanyol Barcelona,1886,25,1911
2013-03-17,Sevilla FC,1978,9,1987,Real Zaragoza,1868,-9,1859
2013-03-17,Granada CF,1856,-1,1855,Levante UD,1931,1,1932
2013-03-16,Real Madrid,2320,1,2321,RCD Mallorca,1861,-1,1860
2013-03-16,Valencia CF,2043,9,2052,Real Betis,1964,-9,1955
2013-03-16,Real Sociedad,1982,10,1992,Real Valladolid,1919,-10,1909
2013-03-16,Getafe CF,1943,6,1949,Athletic Bilbao,1879,-6,1873
2013-03-15,Deportivo La Coruña,1829,13,1842,Celta Vigo,1873,-13,1860
2013-03-11,Real Zaragoza,1871,-3,1868,Granada CF,1853,3,1856
2013-03-10,Celta Vigo,1875,-2,1873,Real Madrid,2318,2,2320
2013-03-10,Atlético Madrid,2106,-16,2090,Real Sociedad,1966,16,1982
2013-03-10,Athletic Bilbao,1867,12,1879,Valencia CF,2055,-12,2043
2013-03-10,Levante UD,1947,-3,1944,Getafe CF,1940,3,1943
2013-03-09,FC Barcelona,2298,1,2299,Deportivo La Coruña,1830,-1,1829
2013-03-09,Real Valladolid,1919,0,1919,Málaga CF,2024,0,2024
2013-03-09,RCD Mallorca,1850,11,1861,Sevilla FC,1989,-11,1978
2013-03-09,Rayo Vallecano,1894,11,1905,Espanyol Barcelona,1897,-11,1886
2013-03-08,Real Betis,1958,6,1964,CA Osasuna,1913,-6,1907
2013-03-04,Sevilla FC,1980,9,1989,Celta Vigo,1884,-9,1875
2013-03-03,Málaga CF,2025,-1,2024,Atlético Madrid,2105,1,2106
2013-03-03,Real Sociedad,1969,-3,1966,Real Betis,1955,3,1958
2013-03-03,Espanyol Barcelona,1899,-2,1897,Real Valladolid,1917,2,1919
2013-03-03,Granada CF,1867,-14,1853,RCD Mallorca,1836,14,1850
2013-03-02,Real Madrid,2295,7,2302,FC Barcelona,2305,-7,2298
2013-03-02,Valencia CF,2054,-5,2049,Levante UD,1946,5,1951
2013-03-02,CA Osasuna,1928,-15,1913,Athletic Bilbao,1852,15,1867
2013-03-02,Deportivo La Coruña,1831,-1,1830,Rayo Vallecano,1893,1,1894
2013-03-01,Getafe CF,1931,9,1940,Real Zaragoza,1880,-9,1871
2013-02-25,Levante UD,1967,-21,1946,CA Osasuna,1907,21,1928
2013-02-24,Atlético Madrid,2103,3,2106,Espanyol Barcelona,1902,-3,1899
2013-02-24,Real Betis,1937,18,1955,Málaga CF,2043,-18,2025
2013-02-24,Rayo Vallecano,1906,-13,1893,Real Valladolid,1904,13,1917
2013-02-24,Celta Vigo,1877,7,1884,Granada CF,1874,-7,1867
2013-02-23,FC Barcelona,2325,1,2326,Sevilla FC,1980,-1,1979
2013-02-23,Deportivo La Coruña,1833,-2,1831,Real Madrid,2272,2,2274
2013-02-23,Real Zaragoza,1878,2,1880,Valencia CF,2056,-2,2054
2013-02-23,RCD Mallorca,1853,-17,1836,Getafe CF,1914,17,1931
2013-02-22,Athletic Bilbao,1868,-16,1852,Real Sociedad,1953,16,1969
2013-02-17,Real Madrid,2270,2,2272,Rayo Vallecano,1908,-2,1906
2013-02-17,Real Valladolid,1919,-15,1904,Atlético Madrid,2077,15,2092
2013-02-17,Valencia CF,2051,5,2056,RCD Mallorca,1858,-5,1853
2013-02-17,Real Sociedad,1956,-3,1953,Levante UD,1946,3,1949
2013-02-17,Espanyol Barcelona,1893,9,1902,Real Betis,1946,-9,1937
2013-02-16,Granada CF,1876,-2,1874,FC Barcelona,2357,2,2359
2013-02-16,Málaga CF,2048,3,2051,Athletic Bilbao,1871,-3,1868
2013-02-16,Getafe CF,1904,10,1914,Celta Vigo,1887,-10,1877
2013-02-16,CA Osasuna,1900,7,1907,Real Zaragoza,1885,-7,1878
2013-02-15,Sevilla FC,1974,6,1980,Deportivo La Coruña,1839,-6,1833
2013-02-11,Real Betis,1950,-4,1946,Real Valladolid,1915,4,1919
2013-02-10,FC Barcelona,2355,2,2357,Getafe CF,1906,-2,1904
2013-02-10,Rayo Vallecano,1895,13,1908,Atlético Madrid,2121,-13,2108
2013-02-10,Real Zaragoza,1897,-12,1885,Real Sociedad,1944,12,1956
2013-02-10,Athletic Bilbao,1896,-25,1871,Espanyol Barcelona,1868,25,1893
2013-02-09,Real Madrid,2274,3,2277,Sevilla FC,1977,-3,1974
2013-02-09,Levante UD,1933,-10,1923,Málaga CF,2038,10,2048
2013-02-09,Celta Vigo,1895,-8,1887,Valencia CF,2060,8,2068
2013-02-09,RCD Mallorca,1860,-2,1858,CA Osasuna,1898,2,1900
2013-02-09,Deportivo La Coruña,1862,-23,1839,Granada CF,1853,23,1876
2013-02-03,Valencia CF,2055,5,2060,FC Barcelona,2360,-5,2355
2013-02-03,Atlético Madrid,2117,4,2121,Real Betis,1954,-4,1950
2013-02-03,Málaga CF,2044,-6,2038,Real Zaragoza,1891,6,1897
2013-02-03,Sevilla FC,1972,5,1977,Rayo Vallecano,1900,-5,1895
2013-02-03,Real Sociedad,1934,10,1944,RCD Mallorca,1870,-10,1860
2013-02-02,Granada CF,1835,18,1853,Real Madrid,2292,-18,2274
2013-02-02,Espanyol Barcelona,1858,10,1868,Levante UD,1943,-10,1933
2013-02-02,CA Osasuna,1890,8,1898,Celta Vigo,1903,-8,1895
2013-02-02,Getafe CF,1896,10,1906,Deportivo La Coruña,1872,-10,1862
2013-02-01,Real Valladolid,1919,-4,1915,Athletic Bilbao,1892,4,1896
2013-01-28,Sevilla FC,1968,8,1976,Granada CF,1843,-8,1835
2013-01-27,FC Barcelona,2358,1,2359,CA Osasuna,1891,-1,1890
2013-01-27,Real Madrid,2291,2,2293,Getafe CF,1898,-2,1896
2013-01-27,Athletic Bilbao,1867,25,1892,Atlético Madrid,2138,-25,2113
2013-01-27,RCD Mallorca,1878,-8,1870,Málaga CF,2036,8,2044
2013-01-27,Rayo Vallecano,1883,17,1900,Real Betis,1971,-17,1954
2013-01-26,Deportivo La Coruña,1880,-8,1872,Valencia CF,2047,8,2055
2013-01-26,Levante UD,1936,7,1943,Real Valladolid,1926,-7,1919
2013-01-26,Celta Vigo,1905,-2,1903,Real Sociedad,1932,2,1934
2013-01-26,Real Zaragoza,1895,-4,1891,Espanyol Barcelona,1854,4,1858
2013-01-21,Real Betis,1974,-5,1969,Athletic Bilbao,1862,5,1867
2013-01-20,Valencia CF,2056,-13,2043,Real Madrid,2282,13,2295
2013-01-20,Atlético Madrid,2135,5,2140,Levante UD,1941,-5,1936
2013-01-20,Real Valladolid,1915,11,1926,Real Zaragoza,1917,-11,1906
2013-01-20,CA Osasuna,1884,7,1891,Deportivo La Coruña,1887,-7,1880
2013-01-19,Real Sociedad,1914,18,1932,FC Barcelona,2369,-18,2351
2013-01-19,Málaga CF,2049,-6,2043,Celta Vigo,1899,6,1905
2013-01-19,Getafe CF,1899,-1,1898,Sevilla FC,1956,1,1957
2013-01-19,Granada CF,1829,14,1843,Rayo Vallecano,1897,-14,1883
2013-01-18,Espanyol Barcelona,1846,8,1854,RCD Mallorca,1886,-8,1878
2013-01-14,Getafe CF,1904,-5,1899,Granada CF,1824,5,1829
2013-01-13,Málaga CF,2047,-6,2041,FC Barcelona,2371,6,2377
2013-01-13,Atlético Madrid,2124,5,2129,Real Zaragoza,1924,-5,1919
2013-01-13,Real Betis,1970,10,1980,Levante UD,1951,-10,1941
2013-01-13,Real Sociedad,1918,-4,1914,Deportivo La Coruña,1883,4,1887
2013-01-12,CA Osasuna,1877,7,1884,Real Madrid,2285,-7,2278
2013-01-12,Valencia CF,2053,7,2060,Sevilla FC,1961,-7,1954
2013-01-12,Real Valladolid,1905,10,1915,RCD Mallorca,1896,-10,1886
2013-01-12,Espanyol Barcelona,1837,9,1846,Celta Vigo,1908,-9,1899
2013-01-11,Athletic Bilbao,1875,-13,1862,Rayo Vallecano,1884,13,1897
2013-01-07,Rayo Vallecano,1871,13,1884,Getafe CF,1914,-13,1901
2013-01-06,FC Barcelona,2369,1,2370,Espanyol Barcelona,1838,-1,1837
2013-01-06,Real Madrid,2282,1,2283,Real Sociedad,1919,-1,1918
2013-01-06,RCD Mallorca,1877,4,1881,Atlético Madrid,2131,-4,2127
2013-01-06,Celta Vigo,1899,11,1910,Real Valladolid,1916,-11,1905
2013-01-05,Deportivo La Coruña,1871,12,1883,Málaga CF,2058,-12,2046
2013-01-05,Granada CF,1831,-7,1824,Valencia CF,2042,7,2049
2013-01-05,Sevilla FC,1971,5,1976,CA Osasuna,1886,-5,1881
2013-01-05,Levante UD,1956,8,1964,Athletic Bilbao,1883,-8,1875
2013-01-04,Real Zaragoza,1923,-12,1911,Real Betis,1955,12,1967
2012-12-22,Málaga CF,2044,14,2058,Real Madrid,2296,-14,2282
2012-12-22,Real Valladolid,1920,-4,1916,FC Barcelona,2365,4,2369
2012-12-22,Real Betis,1970,-15,1955,RCD Mallorca,1862,15,1877
2012-12-22,Athletic Bilbao,1902,-19,1883,Real Zaragoza,1904,19,1923
2012-12-22,CA Osasuna,1901,-15,1886,Granada CF,1816,15,1831
2012-12-21,Atlético Madrid,2128,3,2131,Celta Vigo,1902,-3,1899
2012-12-21,Valencia CF,2035,7,2042,Getafe CF,1921,-7,1914
2012-12-20,Real Sociedad,1910,9,1919,Sevilla FC,1980,-9,1971
2012-12-20,Rayo Vallecano,1852,19,1871,Levante UD,1975,-19,1956
2012-12-20,Espanyol Barcelona,1825,13,1838,Deportivo La Coruña,1884,-13,1871
2012-12-17,Celta Vigo,1914,-12,1902,Real Betis,1958,12,1970
2012-12-17,Deportivo La Coruña,1886,-2,1884,Real Valladolid,1918,2,1920
2012-12-16,FC Barcelona,2360,5,2365,Atlético Madrid,2133,-5,2128
2012-12-16,Real Madrid,2305,-9,2296,Espanyol Barcelona,1816,9,1825
2012-12-16,Valencia CF,2052,-17,2035,Rayo Vallecano,1835,17,1852
2012-12-16,Real Zaragoza,1916,-12,1904,Levante UD,1963,12,1975
2012-12-15,Sevilla FC,1998,-18,1980,Málaga CF,2034,18,2052
2012-12-15,Getafe CF,1924,-3,1921,CA Osasuna,1898,3,1901
2012-12-15,RCD Mallorca,1874,-12,1862,Athletic Bilbao,1890,12,1902
2012-12-15,Granada CF,1816,0,1816,Real Sociedad,1910,0,1910
2012-12-10,Rayo Vallecano,1853,-18,1835,Real Zaragoza,1883,18,1901
2012-12-09,Real Betis,1963,-3,1960,FC Barcelona,2355,3,2358
2012-12-09,Atlético Madrid,2122,6,2128,Deportivo La Coruña,1892,-6,1886
2012-12-09,Levante UD,1967,11,1978,RCD Mallorca,1906,-11,1895
2012-12-09,Athletic Bilbao,1890,8,1898,Celta Vigo,1905,-8,1897
2012-12-08,Real Valladolid,1921,-3,1918,Real Madrid,2319,3,2322
2012-12-08,CA Osasuna,1922,-10,1912,Valencia CF,2028,10,2038
2012-12-08,Málaga CF,2029,5,2034,Granada CF,1821,-5,1816
2012-12-08,Real Sociedad,1912,-2,1910,Getafe CF,1927,2,1929
2012-12-07,Espanyol Barcelona,1814,2,1816,Sevilla FC,1979,-2,1977
2012-12-03,Sevilla FC,1994,-15,1979,Real Valladolid,1906,15,1921
2012-12-02,Celta Vigo,1906,-1,1905,Levante UD,1970,1,1971
2012-12-02,Deportivo La Coruña,1903,-11,1892,Real Betis,1952,11,1963
2012-12-02,RCD Mallorca,1910,-4,1906,Real Zaragoza,1879,4,1883
2012-12-02,Granada CF,1824,-3,1821,Espanyol Barcelona,1811,3,1814
2012-12-01,Real Madrid,2309,5,2314,Atlético Madrid,2143,-5,2138
2012-12-01,FC Barcelona,2366,1,2367,Athletic Bilbao,1895,-1,1894
2012-12-01,Getafe CF,1916,11,1927,Málaga CF,2048,-11,2037
2012-12-01,Valencia CF,2039,-28,2011,Real Sociedad,1884,28,1912
2012-11-30,CA Osasuna,1916,6,1922,Rayo Vallecano,1859,-6,1853
2012-11-26,Real Zaragoza,1901,-13,1888,Celta Vigo,1881,13,1894
2012-11-25,Levante UD,1973,-6,1967,FC Barcelona,2360,6,2366
2012-11-25,Atlético Madrid,2135,7,2142,Sevilla FC,1986,-7,1979
2012-11-25,Athletic Bilbao,1884,-2,1882,Deportivo La Coruña,1898,2,1900
2012-11-25,Espanyol Barcelona,1842,-16,1826,Getafe CF,1908,16,1924
2012-11-24,Real Betis,1923,17,1940,Real Madrid,2326,-17,2309
2012-11-24,Málaga CF,2034,14,2048,Valencia CF,2053,-14,2039
2012-11-24,Rayo Vallecano,1850,14,1864,RCD Mallorca,1927,-14,1913
2012-11-24,Real Valladolid,1913,5,1918,Granada CF,1820,-5,1815
2012-11-23,Real Sociedad,1891,-2,1889,CA Osasuna,1907,2,1909
2012-11-19,Real Sociedad,1878,13,1891,Rayo Vallecano,1863,-13,1850
2012-11-18,Granada CF,1825,-5,1820,Atlético Madrid,2129,5,2134
2012-11-18,Sevilla FC,1974,12,1986,Real Betis,1935,-12,1923
2012-11-18,Deportivo La Coruña,1916,-18,1898,Levante UD,1940,18,1958
2012-11-18,Getafe CF,1900,8,1908,Real Valladolid,1921,-8,1913
2012-11-18,Celta Vigo,1883,-2,1881,RCD Mallorca,1925,2,1927
2012-11-17,FC Barcelona,2352,1,2353,Real Zaragoza,1902,-1,1901
2012-11-17,Real Madrid,2327,2,2329,Athletic Bilbao,1886,-2,1884
2012-11-17,CA Osasuna,1906,1,1907,Málaga CF,2032,-1,2031
2012-11-17,Valencia CF,2048,3,2051,Espanyol Barcelona,1845,-3,1842
2012-11-11,RCD Mallorca,1929,-4,1925,FC Barcelona,2348,4,2352
2012-11-11,Levante UD,1943,-3,1940,Real Madrid,2324,3,2327
2012-11-11,Atlético Madrid,2125,4,2129,Getafe CF,1904,-4,1900
2012-11-11,Real Valladolid,1920,1,1921,Valencia CF,2049,-1,2048
2012-11-11,Athletic Bilbao,1876,10,1886,Sevilla FC,1984,-10,1974
2012-11-10,Málaga CF,2049,-17,2032,Real Sociedad,1861,17,1878
2012-11-10,Real Zaragoza,1890,12,1902,Deportivo La Coruña,1928,-12,1916
2012-11-10,Espanyol Barcelona,1867,-22,1845,CA Osasuna,1884,22,1906
2012-11-10,Rayo Vallecano,1855,8,1863,Celta Vigo,1891,-8,1883
2012-11-09,Real Betis,1951,-16,1935,Granada CF,1809,16,1825
2012-11-05,Getafe CF,1923,-19,1904,Real Betis,1932,19,1951
2012-11-04,Sevilla FC,1988,-4,1984,Levante UD,1937,4,1941
2012-11-04,Deportivo La Coruña,1920,8,1928,RCD Mallorca,1937,-8,1929
2012-11-04,CA Osasuna,1897,-13,1884,Real Valladolid,1907,13,1920
2012-11-04,Real Sociedad,1874,-13,1861,Espanyol Barcelona,1854,13,1867
2012-11-04,Granada CF,1820,-11,1809,Athletic Bilbao,1877,11,1888
2012-11-03,FC Barcelona,2372,1,2373,Celta Vigo,1892,-1,1891
2012-11-03,Real Madrid,2332,2,2334,Real Zaragoza,1892,-2,1890
2012-11-03,Valencia CF,2027,17,2044,Atlético Madrid,2176,-17,2159
2012-11-03,Málaga CF,2061,-17,2044,Rayo Vallecano,1838,17,1855
2012-10-29,Real Valladolid,1902,-3,1899,Real Sociedad,1886,3,1889
2012-10-28,RCD Mallorca,1942,-7,1935,Real Madrid,2324,7,2331
2012-10-28,Atlético Madrid,2171,3,2174,CA Osasuna,1909,-3,1906
2012-10-28,Real Zaragoza,1876,10,1886,Sevilla FC,1991,-10,1981
2012-10-28,Athletic Bilbao,1895,-13,1882,Getafe CF,1898,13,1911
2012-10-28,Levante UD,1945,7,1952,Granada CF,1833,-7,1826
2012-10-27,Rayo Vallecano,1852,-3,1849,FC Barcelona,2368,3,2371
2012-10-27,Real Betis,1930,10,1940,Valencia CF,2037,-10,2027
2012-10-27,Espanyol Barcelona,1858,3,1861,Málaga CF,2064,-3,2061
2012-10-27,Celta Vigo,1906,-2,1904,Deportivo La Coruña,1920,2,1922
2012-10-22,Sevilla FC,1985,6,1991,RCD Mallorca,1948,-6,1942
2012-10-21,Real Sociedad,1891,-5,1886,Atlético Madrid,2165,5,2170
2012-10-21,CA Osasuna,1911,-2,1909,Real Betis,1928,2,1930
2012-10-21,Getafe CF,1911,-13,1898,Levante UD,1916,13,1929
2012-10-21,Espanyol Barcelona,1851,7,1858,Rayo Vallecano,1859,-7,1852
2012-10-21,Granada CF,1845,-12,1833,Real Zaragoza,1864,12,1876
2012-10-20,Deportivo La Coruña,1922,-2,1920,FC Barcelona,2364,2,2366
2012-10-20,Real Madrid,2342,1,2343,Celta Vigo,1907,-1,1906
2012-10-20,Málaga CF,2049,4,2053,Real Valladolid,1906,-4,1902
2012-10-20,Valencia CF,2012,5,2017,Athletic Bilbao,1906,-5,1901
2012-10-07,FC Barcelona,2368,-4,2364,Real Madrid,2338,4,2342
2012-10-07,Atlético Madrid,2160,5,2165,Málaga CF,2054,-5,2049
2012-10-07,Levante UD,1905,11,1916,Valencia CF,2023,-11,2012
2012-10-07,Athletic Bilbao,1898,8,1906,CA Osasuna,1919,-8,1911
2012-10-07,RCD Mallorca,1964,-16,1948,Granada CF,1829,16,1845
2012-10-06,Real Betis,1918,10,1928,Real Sociedad,1901,-10,1891
2012-10-06,Rayo Vallecano,1849,10,1859,Deportivo La Coruña,1932,-10,1922
2012-10-06,Real Zaragoza,1876,-12,1864,Getafe CF,1899,12,1911
2012-10-06,Real Valladolid,1910,-4,1906,Espanyol Barcelona,1847,4,1851
2012-10-05,Celta Vigo,1892,15,1907,Sevilla FC,2000,-15,1985
2012-10-01,Getafe CF,1889,10,1899,RCD Mallorca,1974,-10,1964
2012-09-30,Real Madrid,2323,2,2325,Deportivo La Coruña,1934,-2,1932
2012-09-30,Espanyol Barcelona,1852,-5,1847,Atlético Madrid,2152,5,2157
2012-09-30,CA Osasuna,1904,15,1919,Levante UD,1928,-15,1913
2012-09-30,Real Valladolid,1897,13,1910,Rayo Vallecano,1862,-13,1849
2012-09-30,Granada CF,1819,10,1829,Celta Vigo,1902,-10,1892
2012-09-29,Sevilla FC,2004,-4,2000,FC Barcelona,2354,4,2358
2012-09-29,Málaga CF,2014,10,2024,Real Betis,1928,-10,1918
2012-09-29,Valencia CF,2004,7,2011,Real Zaragoza,1883,-7,1876
2012-09-29,Real Sociedad,1889,12,1901,Athletic Bilbao,1925,-12,1913
2012-09-26,Real Betis,1939,-11,1928,Atlético Madrid,2141,11,2152
2012-09-24,Rayo Vallecano,1865,-3,1862,Real Madrid,2320,3,2323
2012-09-24,Deportivo La Coruña,1952,-18,1934,Sevilla FC,1986,18,2004
2012-09-23,Atlético Madrid,2139,2,2141,Real Valladolid,1899,-2,1897
2012-09-23,RCD Mallorca,1961,13,1974,Valencia CF,2017,-13,2004
2012-09-23,Athletic Bilbao,1925,0,1925,Málaga CF,2014,0,2014
2012-09-23,Levante UD,1922,6,1928,Real Sociedad,1895,-6,1889
2012-09-22,FC Barcelona,2353,1,2354,Granada CF,1820,-1,1819
2012-09-22,Real Betis,1934,5,1939,Espanyol Barcelona,1857,-5,1852
2012-09-22,Celta Vigo,1895,7,1902,Getafe CF,1896,-7,1889
2012-09-22,Real Zaragoza,1870,13,1883,CA Osasuna,1917,-13,1904
2012-09-17,Real Valladolid,1912,-13,1899,Real Betis,1921,13,1934
2012-09-16,Atlético Madrid,2129,2,2131,Rayo Vallecano,1867,-2,1865
2012-09-16,CA Osasuna,1919,-2,1917,RCD Mallorca,1959,2,1961
2012-09-16,Espanyol Barcelona,1858,-1,1857,Athletic Bilbao,1933,1,1934
2012-09-16,Granada CF,1819,1,1820,Deportivo La Coruña,1953,-1,1952
2012-09-16,Real Sociedad,1884,11,1895,Real Zaragoza,1881,-11,1870
2012-09-15,Sevilla FC,1970,16,1986,Real Madrid,2329,-16,2313
2012-09-15,Getafe CF,1900,-4,1896,FC Barcelona,2347,4,2351
2012-09-15,Valencia CF,2018,4,2022,Celta Vigo,1899,-4,1895
2012-09-15,Málaga CF,1984,9,1993,Levante UD,1926,-9,1917
2012-09-02,FC Barcelona,2345,2,2347,Valencia CF,2020,-2,2018
2012-09-02,Real Madrid,2328,1,2329,Granada CF,1820,-1,1819
2012-09-02,Athletic Bilbao,1922,11,1933,Real Valladolid,1923,-11,1912
2012-09-02,Rayo Vallecano,1867,0,1867,Sevilla FC,1970,0,1970
2012-09-02,Levante UD,1920,6,1926,Espanyol Barcelona,1864,-6,1858
2012-09-01,Real Zaragoza,1891,-10,1881,Málaga CF,1974,10,1984
2012-09-01,Deportivo La Coruña,1957,-4,1953,Getafe CF,1896,4,1900
2012-09-01,RCD Mallorca,1953,6,1959,Real Sociedad,1890,-6,1884
2012-09-01,Celta Vigo,1886,13,1899,CA Osasuna,1932,-13,1919
2012-08-27,Atlético Madrid,2092,7,2099,Athletic Bilbao,1935,-7,1928
2012-08-27,Real Valladolid,1911,12,1923,Levante UD,1930,-12,1918
2012-08-26,CA Osasuna,1935,-3,1932,FC Barcelona,2350,3,2353
2012-08-26,Getafe CF,1878,18,1896,Real Madrid,2338,-18,2320
2012-08-26,Valencia CF,2025,-5,2020,Deportivo La Coruña,1952,5,1957
2012-08-26,Granada CF,1818,2,1820,Sevilla FC,1972,-2,1970
2012-08-25,Málaga CF,1978,-4,1974,RCD Mallorca,1949,4,1953
2012-08-25,Real Betis,1936,-15,1921,Rayo Vallecano,1852,15,1867
2012-08-25,Real Sociedad,1883,7,1890,Celta Vigo,1893,-7,1886
2012-08-25,Espanyol Barcelona,1877,-13,1864,Real Zaragoza,1878,13,1891
2012-08-20,Deportivo La Coruña,1941,11,1952,CA Osasuna,1946,-11,1935
2012-08-20,Real Zaragoza,1891,-13,1878,Real Valladolid,1898,13,1911
2012-08-20,Rayo Vallecano,1845,7,1852,Granada CF,1825,-7,1818
2012-08-19,Real Madrid,2354,-9,2345,Valencia CF,2016,9,2025
2012-08-19,FC Barcelona,2342,1,2343,Real Sociedad,1884,-1,1883
2012-08-19,Levante UD,1918,2,1920,Atlético Madrid,2094,-2,2092
2012-08-19,Athletic Bilbao,1953,-21,1932,Real Betis,1915,21,1936
2012-08-18,Celta Vigo,1904,-11,1893,Málaga CF,1958,11,1969
2012-08-18,Sevilla FC,1967,5,1972,Getafe CF,1883,-5,1878
2012-08-18,RCD Mallorca,1943,6,1949,Espanyol Barcelona,1883,-6,1877
2014-05-18,Real Sociedad,2025,-15,2010,Villarreal CF,1952,15,1967
2014-05-18,UD Almería,1857,2,1859,Athletic Bilbao,2044,-2,2042
2014-05-18,Sevilla FC,2029,5,2034,Elche CF,1862,-5,1857
2014-05-18,Rayo Vallecano,1894,-13,1881,Getafe CF,1885,13,1898
2014-05-18,CA Osasuna,1853,7,1860,Real Betis,1858,-7,1851
2014-05-18,Real Valladolid,1859,-14,1845,Granada CF,1826,14,1840
2014-05-17,FC Barcelona,2255,-3,2252,Atlético Madrid,2244,3,2247
2014-05-17,Real Madrid,2343,1,2344,Espanyol Barcelona,1873,-1,1872
2014-05-17,Valencia CF,2010,6,2016,Celta Vigo,1952,-6,1946
2014-05-16,Málaga CF,1939,7,1946,Levante UD,1936,-7,1929
2014-05-11,Celta Vigo,1926,26,1952,Real Madrid,2369,-26,2343
2014-05-11,Atlético Madrid,2252,-8,2244,Málaga CF,1931,8,1939
2014-05-11,Elche CF,1855,7,1862,FC Barcelona,2262,-7,2255
2014-05-11,Athletic Bilbao,2048,-4,2044,Real Sociedad,2021,4,2025
2014-05-11,Getafe CF,1873,12,1885,Sevilla FC,2036,-12,2024
2014-05-11,Espanyol Barcelona,1876,-3,1873,CA Osasuna,1850,3,1853
2014-05-11,Real Betis,1850,8,1858,Real Valladolid,1867,-8,1859
2014-05-11,Granada CF,1846,-20,1826,UD Almería,1837,20,1857
2014-05-10,Levante UD,1921,15,1936,Valencia CF,2025,-15,2010
2014-05-10,Villarreal CF,1940,12,1952,Rayo Vallecano,1906,-12,1894
2014-05-07,Real Valladolid,1859,8,1867,Real Madrid,2377,-8,2369
2014-05-05,Real Sociedad,2028,-7,2021,Granada CF,1839,7,1846
2014-05-04,Real Madrid,2386,-9,2377,Valencia CF,2016,9,2025
2014-05-04,Levante UD,1896,25,1921,Atlético Madrid,2277,-25,2252
2014-05-04,Sevilla FC,2041,-5,2036,Villarreal CF,1935,5,1940
2014-05-04,UD Almería,1829,8,1837,Real Betis,1858,-8,1850
2014-05-03,FC Barcelona,2271,-9,2262,Getafe CF,1864,9,1873
2014-05-03,Málaga CF,1946,-15,1931,Elche CF,1840,15,1855
2014-05-03,CA Osasuna,1867,-17,1850,Celta Vigo,1909,17,1926
2014-05-03,Real Valladolid,1851,8,1859,Espanyol Barcelona,1884,-8,1876
2014-05-02,Rayo Vallecano,1923,-17,1906,Athletic Bilbao,2031,17,2048
2014-04-28,Celta Vigo,1898,11,1909,Real Valladolid,1862,-11,1851
2014-04-27,Valencia CF,2006,-6,2000,Atlético Madrid,2244,6,2250
2014-04-27,Villarreal CF,1939,-4,1935,FC Barcelona,2267,4,2271
2014-04-27,Athletic Bilbao,2018,13,2031,Sevilla FC,2070,-13,2057
2014-04-27,Espanyol Barcelona,1899,-15,1884,UD Almería,1814,15,1829
2014-04-26,Real Madrid,2349,1,2350,CA Osasuna,1868,-1,1867
2014-04-26,Real Betis,1867,-9,1858,Real Sociedad,2019,9,2028
2014-04-26,Getafe CF,1854,10,1864,Málaga CF,1956,-10,1946
2014-04-26,Granada CF,1859,-20,1839,Rayo Vallecano,1903,20,1923
2014-04-25,Elche CF,1841,-1,1840,Levante UD,1895,1,1896
2014-04-21,Málaga CF,1945,11,1956,Villarreal CF,1950,-11,1939
2014-04-20,FC Barcelona,2265,2,2267,Athletic Bilbao,2020,-2,2018
2014-04-20,Sevilla FC,2052,6,2058,Granada CF,1865,-6,1859
2014-04-20,Rayo Vallecano,1893,10,1903,Real Betis,1877,-10,1867
2014-04-20,UD Almería,1831,-17,1814,Celta Vigo,1881,17,1898
2014-04-19,Real Sociedad,2014,5,2019,Espanyol Barcelona,1904,-5,1899
2014-04-19,CA Osasuna,1867,1,1868,Valencia CF,2019,-1,2018
2014-04-19,Levante UD,1899,-4,1895,Getafe CF,1850,4,1854
2014-04-18,Atlético Madrid,2249,2,2251,Elche CF,1843,-2,1841
2014-04-14,Athletic Bilbao,2010,10,2020,Málaga CF,1955,-10,1945
2014-04-13,Getafe CF,1855,-5,1850,Atlético Madrid,2244,5,2249
2014-04-13,Real Betis,1890,-13,1877,Sevilla FC,2039,13,2052
2014-04-13,Valencia CF,2016,3,2019,Elche CF,1846,-3,1843
2014-04-13,Espanyol Barcelona,1907,-3,1904,Rayo Vallecano,1890,3,1893
2014-04-12,Real Madrid,2329,1,2330,UD Almería,1832,-1,1831
2014-04-12,Granada CF,1847,18,1865,FC Barcelona,2291,-18,2273
2014-04-12,Celta Vigo,1880,1,1881,Real Sociedad,2015,-1,2014
2014-04-12,Villarreal CF,1944,6,1950,Levante UD,1905,-6,1899
2014-04-11,CA Osasuna,1870,-3,1867,Real Valladolid,1859,3,1862
2014-04-07,Levante UD,1915,-10,1905,Athletic Bilbao,2000,10,2010
2014-04-06,Sevilla FC,2014,8,2022,Espanyol Barcelona,1915,-8,1907
2014-04-06,Real Valladolid,1858,1,1859,Valencia CF,1998,-1,1997
2014-04-06,Málaga CF,1946,9,1955,Granada CF,1856,-9,1847
2014-04-06,Elche CF,1838,8,1846,Getafe CF,1863,-8,1855
2014-04-05,Real Sociedad,2023,-8,2015,Real Madrid,2351,8,2359
2014-04-05,FC Barcelona,2303,2,2305,Real Betis,1892,-2,1890
2014-04-05,Atlético Madrid,2228,2,2230,Villarreal CF,1946,-2,1944
2014-04-05,Rayo Vallecano,1877,13,1890,Celta Vigo,1893,-13,1880
2014-04-04,UD Almería,1844,-12,1832,CA Osasuna,1858,12,1870
2014-03-31,Real Betis,1904,-12,1892,Málaga CF,1934,12,1946
2014-03-31,Granada CF,1874,-18,1856,Levante UD,1897,18,1915
2014-03-30,CA Osasuna,1856,2,1858,Real Sociedad,2025,-2,2023
2014-03-30,Valencia CF,2040,-26,2014,Getafe CF,1837,26,1863
2014-03-30,Villarreal CF,1952,-6,1946,Elche CF,1832,6,1838
2014-03-30,Real Valladolid,1851,7,1858,UD Almería,1851,-7,1844
2014-03-29,Espanyol Barcelona,1918,-3,1915,FC Barcelona,2307,3,2310
2014-03-29,Athletic Bilbao,2007,-7,2000,Atlético Madrid,2214,7,2221
2014-03-29,Real Madrid,2341,2,2343,Rayo Vallecano,1879,-2,1877
2014-03-29,Celta Vigo,1881,12,1893,Sevilla FC,2035,-12,2023
2014-03-27,UD Almería,1848,3,1851,Valencia CF,2043,-3,2040
2014-03-27,Real Sociedad,2021,4,2025,Real Valladolid,1855,-4,1851
2014-03-27,Levante UD,1918,-21,1897,Real Betis,1883,21,1904
2014-03-27,Getafe CF,1847,-10,1837,Villarreal CF,1942,10,1952
2014-03-26,Sevilla FC,2019,16,2035,Real Madrid,2357,-16,2341
2014-03-26,FC Barcelona,2305,2,2307,Celta Vigo,1883,-2,1881
2014-03-26,Atlético Madrid,2213,1,2214,Granada CF,1875,-1,1874
2014-03-26,Rayo Vallecano,1872,7,1879,CA Osasuna,1863,-7,1856
2014-03-25,Málaga CF,1948,-14,1934,Espanyol Barcelona,1904,14,1918
2014-03-25,Elche CF,1830,2,1832,Athletic Bilbao,2009,-2,2007
2014-03-24,UD Almería,1835,13,1848,Real Sociedad,2034,-13,2021
2014-03-23,Real Madrid,2372,-15,2357,FC Barcelona,2290,15,2305
2014-03-23,Real Betis,1890,-7,1883,Atlético Madrid,2206,7,2213
2014-03-23,Valencia CF,2038,5,2043,Villarreal CF,1947,-5,1942
2014-03-23,CA Osasuna,1872,-9,1863,Sevilla FC,2010,9,2019
2014-03-22,Athletic Bilbao,2005,4,2009,Getafe CF,1851,-4,1847
2014-03-22,Espanyol Barcelona,1907,-3,1904,Levante UD,1915,3,1918
2014-03-22,Real Valladolid,1857,-2,1855,Rayo Vallecano,1870,2,1872
2014-03-22,Granada CF,1869,6,1875,Elche CF,1836,-6,1830
2014-03-21,Celta Vigo,1901,-18,1883,Málaga CF,1930,18,1948
2014-03-17,Villarreal CF,1948,-1,1947,Athletic Bilbao,2004,1,2005
2014-03-16,FC Barcelona,2288,2,2290,CA Osasuna,1874,-2,1872
2014-03-16,Real Sociedad,2026,8,2034,Valencia CF,2041,-8,2033
2014-03-16,Sevilla FC,1982,8,1990,Real Valladolid,1865,-8,1857
2014-03-16,Elche CF,1837,-1,1836,Real Betis,1909,1,1910
2014-03-15,Málaga CF,1933,-3,1930,Real Madrid,2365,3,2368
2014-03-15,Atlético Madrid,2204,2,2206,Espanyol Barcelona,1909,-2,1907
2014-03-15,Levante UD,1929,-14,1915,Celta Vigo,1887,14,1901
2014-03-15,Rayo Vallecano,1860,10,1870,UD Almería,1845,-10,1835
2014-03-14,Getafe CF,1853,-2,1851,Granada CF,1867,2,1869
2014-03-10,Real Sociedad,2043,-17,2026,Rayo Vallecano,1843,17,1860
2014-03-10,CA Osasuna,1892,-18,1874,Málaga CF,1915,18,1933
2014-03-09,Real Madrid,2363,2,2365,Levante UD,1931,-2,1929
2014-03-09,Valencia CF,2022,-3,2019,Athletic Bilbao,2001,3,2004
2014-03-09,UD Almería,1858,-13,1845,Sevilla FC,1999,13,2012
2014-03-09,Espanyol Barcelona,1900,9,1909,Elche CF,1846,-9,1837
2014-03-08,Real Valladolid,1847,18,1865,FC Barcelona,2298,-18,2280
2014-03-08,Celta Vigo,1894,-7,1887,Atlético Madrid,2188,7,2195
2014-03-08,Granada CF,1851,16,1867,Villarreal CF,1964,-16,1948
2014-03-08,Real Betis,1868,11,1879,Getafe CF,1864,-11,1853
2014-03-02,Atlético Madrid,2186,2,2188,Real Madrid,2365,-2,2363
2014-03-02,FC Barcelona,2296,2,2298,UD Almería,1860,-2,1858
2014-03-02,Sevilla FC,1990,9,1999,Real Sociedad,2052,-9,2043
2014-03-02,Rayo Vallecano,1830,13,1843,Valencia CF,2035,-13,2022
2014-03-02,Villarreal CF,1969,-5,1964,Real Betis,1863,5,1868
2014-03-01,Levante UD,1921,10,1931,CA Osasuna,1902,-10,1892
2014-03-01,Getafe CF,1866,-2,1864,Espanyol Barcelona,1898,2,1900
2014-03-01,Málaga CF,1920,-5,1915,Real Valladolid,1842,5,1847
2014-03-01,Elche CF,1837,9,1846,Celta Vigo,1903,-9,1894
2014-02-28,Athletic Bilbao,1993,8,2001,Granada CF,1859,-8,1851
2014-02-24,Espanyol Barcelona,1909,-11,1898,Villarreal CF,1958,11,1969
2014-02-23,CA Osasuna,1874,28,1902,Atlético Madrid,2214,-28,2186
2014-02-23,Valencia CF,2040,3,2043,Granada CF,1862,-3,1859
2014-02-23,Real Betis,1848,-14,1834,Athletic Bilbao,1979,14,1993
2014-02-23,Rayo Vallecano,1839,-9,1830,Sevilla FC,1978,9,1987
2014-02-22,Real Sociedad,2030,22,2052,FC Barcelona,2318,-22,2296
2014-02-22,Real Madrid,2350,1,2351,Elche CF,1838,-1,1837
2014-02-22,UD Almería,1861,-1,1860,Málaga CF,1919,1,1920
2014-02-22,Celta Vigo,1907,-4,1903,Getafe CF,1862,4,1866
2014-02-21,Real Valladolid,1843,-1,1842,Levante UD,1920,1,1921
2014-02-17,Málaga CF,1929,-10,1919,Real Sociedad,2020,10,2030
2014-02-16,Getafe CF,1866,-4,1862,Real Madrid,2346,4,2350
2014-02-16,Sevilla FC,1985,-2,1983,Valencia CF,2021,2,2023
2014-02-16,Athletic Bilbao,1994,-15,1979,Espanyol Barcelona,1894,15,1909
2014-02-16,Granada CF,1855,7,1862,Real Betis,1855,-7,1848
2014-02-15,FC Barcelona,2290,2,2292,Rayo Vallecano,1841,-2,1839
2014-02-15,Atlético Madrid,2200,2,2202,Real Valladolid,1845,-2,1843
2014-02-15,Villarreal CF,1981,-23,1958,Celta Vigo,1884,23,1907
2014-02-15,Levante UD,1914,6,1920,UD Almería,1867,-6,1861
2014-02-14,Elche CF,1840,-2,1838,CA Osasuna,1872,2,1874
2014-02-10,Celta Vigo,1884,0,1884,Athletic Bilbao,1994,0,1994
2014-02-09,Sevilla FC,1994,-9,1985,FC Barcelona,2286,9,2295
2014-02-09,Real Sociedad,2020,-5,2015,Levante UD,1909,5,1914
2014-02-09,CA Osasuna,1861,11,1872,Getafe CF,1877,-11,1866
2014-02-09,Real Valladolid,1848,-3,1845,Elche CF,1837,3,1840
2014-02-08,Real Madrid,2330,2,2332,Villarreal CF,1983,-2,1981
2014-02-08,UD Almería,1842,25,1867,Atlético Madrid,2239,-25,2214
2014-02-08,Valencia CF,2013,8,2021,Real Betis,1863,-8,1855
2014-02-08,Rayo Vallecano,1822,19,1841,Málaga CF,1948,-19,1929
2014-02-07,Espanyol Barcelona,1888,6,1894,Granada CF,1861,-6,1855
2014-02-03,Villarreal CF,1976,7,1983,CA Osasuna,1868,-7,1861
2014-02-02,Athletic Bilbao,1988,6,1994,Real Madrid,2326,-6,2320
2014-02-02,Atlético Madrid,2244,5,2249,Real Sociedad,2028,-5,2023
2014-02-02,Real Betis,1850,13,1863,Espanyol Barcelona,1901,-13,1888
2014-02-02,Elche CF,1829,8,1837,UD Almería,1850,-8,1842
2014-02-01,FC Barcelona,2301,-18,2283,Valencia CF,1995,18,2013
2014-02-01,Málaga CF,1939,9,1948,Sevilla FC,2003,-9,1994
2014-02-01,Levante UD,1914,-5,1909,Rayo Vallecano,1817,5,1822
2014-02-01,Getafe CF,1881,-4,1877,Real Valladolid,1844,4,1848
2014-01-31,Granada CF,1874,-13,1861,Celta Vigo,1871,13,1884
2014-01-27,Real Sociedad,2022,6,2028,Elche CF,1835,-6,1829
2014-01-26,FC Barcelona,2297,2,2299,Málaga CF,1941,-2,1939
2014-01-26,Rayo Vallecano,1821,-4,1817,Atlético Madrid,2234,4,2238
2014-01-26,CA Osasuna,1888,-20,1868,Athletic Bilbao,1974,20,1994
2014-01-26,UD Almería,1842,8,1850,Getafe CF,1889,-8,1881
2014-01-25,Real Madrid,2324,1,2325,Granada CF,1875,-1,1874
2014-01-25,Sevilla FC,2019,-16,2003,Levante UD,1900,16,1916
2014-01-25,Valencia CF,2000,-5,1995,Espanyol Barcelona,1897,5,1902
2014-01-25,Real Valladolid,1832,12,1844,Villarreal CF,1988,-12,1976
2014-01-24,Celta Vigo,1860,11,1871,Real Betis,1861,-11,1850
2014-01-20,Athletic Bilbao,1970,6,1976,Real Valladolid,1838,-6,1832
2014-01-19,Atlético Madrid,2239,-7,2232,Sevilla FC,2012,7,2019
2014-01-19,Levante UD,1899,7,1906,FC Barcelona,2298,-7,2291
2014-01-19,Getafe CF,1888,1,1889,Real Sociedad,2019,-1,2018
2014-01-19,Villarreal CF,1982,6,1988,UD Almería,1848,-6,1842
2014-01-18,Real Betis,1866,-5,1861,Real Madrid,2316,5,2321
2014-01-18,Granada CF,1878,-3,1875,CA Osasuna,1885,3,1888
2014-01-18,Espanyol Barcelona,1894,6,1900,Celta Vigo,1866,-6,1860
2014-01-18,Elche CF,1824,11,1835,Rayo Vallecano,1832,-11,1821
2014-01-17,Málaga CF,1942,-1,1941,Valencia CF,1999,1,2000
2014-01-13,Villarreal CF,1979,16,1995,Real Sociedad,2022,-16,2006
2014-01-12,Espanyol Barcelona,1891,-3,1888,Real Madrid,2309,3,2312
2014-01-12,Levante UD,1884,9,1893,Málaga CF,1951,-9,1942
2014-01-12,Real Betis,1887,-13,1874,CA Osasuna,1876,13,1889
2014-01-12,Getafe CF,1908,-15,1893,Rayo Vallecano,1823,15,1838
2014-01-11,Atlético Madrid,2236,-1,2235,FC Barcelona,2292,1,2293
2014-01-11,Celta Vigo,1854,12,1866,Valencia CF,2015,-12,2003
2014-01-11,Elche CF,1821,3,1824,Sevilla FC,2015,-3,2012
2014-01-11,Athletic Bilbao,1951,11,1962,UD Almería,1883,-11,1872
2014-01-10,Granada CF,1865,13,1878,Real Valladolid,1851,-13,1838
2014-01-06,Real Madrid,2307,1,2308,Celta Vigo,1855,-1,1854
2014-01-06,Rayo Vallecano,1841,-17,1824,Villarreal CF,1958,17,1975
2014-01-05,FC Barcelona,2289,1,2290,Elche CF,1822,-1,1821
2014-01-05,Real Sociedad,2017,9,2026,Athletic Bilbao,1970,-9,1961
2014-01-05,Sevilla FC,2006,9,2015,Getafe CF,1919,-9,1910
2014-01-05,CA Osasuna,1869,8,1877,Espanyol Barcelona,1910,-8,1902
2014-01-04,Málaga CF,1956,-5,1951,Atlético Madrid,2235,5,2240
2014-01-04,Valencia CF,2004,7,2011,Levante UD,1890,-7,1883
2014-01-04,UD Almería,1871,13,1884,Granada CF,1878,-13,1865
2014-01-04,Real Valladolid,1853,-2,1851,Real Betis,1875,2,1877
2013-12-22,Valencia CF,2009,-5,2004,Real Madrid,2302,5,2307
2013-12-22,Getafe CF,1926,-7,1919,FC Barcelona,2282,7,2289
2013-12-22,Athletic Bilbao,1966,4,1970,Rayo Vallecano,1845,-4,1841
2013-12-22,Espanyol Barcelona,1901,9,1910,Real Valladolid,1862,-9,1853
2013-12-22,Celta Vigo,1858,-3,1855,CA Osasuna,1866,3,1869
2013-12-21,Atlético Madrid,2234,1,2235,Levante UD,1891,-1,1890
2013-12-21,Villarreal CF,1970,-12,1958,Sevilla FC,1994,12,2006
2013-12-21,Granada CF,1893,-15,1878,Real Sociedad,2002,15,2017
2013-12-21,Real Betis,1889,-14,1875,UD Almería,1857,14,1871
2013-12-20,Elche CF,1832,-10,1822,Málaga CF,1946,10,1956
2013-12-16,Real Valladolid,1860,14,1874,Celta Vigo,1881,-14,1867
2013-12-15,Atlético Madrid,2228,5,2233,Valencia CF,2013,-5,2008
2013-12-15,Sevilla FC,2026,-5,2021,Athletic Bilbao,1952,5,1957
2013-12-15,Real Sociedad,1991,9,2000,Real Betis,1898,-9,1889
2013-12-15,UD Almería,1865,-2,1863,Espanyol Barcelona,1895,2,1897
2013-12-14,FC Barcelona,2279,2,2281,Villarreal CF,1963,-2,1961
2013-12-14,CA Osasuna,1859,8,1867,Real Madrid,2310,-8,2302
2013-12-14,Málaga CF,1938,7,1945,Getafe CF,1928,-7,1921
2013-12-14,Rayo Vallecano,1850,-17,1833,Granada CF,1901,17,1918
2013-12-13,Levante UD,1876,6,1882,Elche CF,1847,-6,1841
2013-12-01,Athletic Bilbao,1946,16,1962,FC Barcelona,2289,-16,2273
2013-12-01,Granada CF,1897,-10,1887,Sevilla FC,1994,10,2004
2013-12-01,Valencia CF,2022,6,2028,CA Osasuna,1860,-6,1854
2013-12-01,Real Betis,1911,-4,1907,Rayo Vallecano,1843,4,1847
2013-11-30,Real Madrid,2303,2,2305,Real Valladolid,1865,-2,1863
2013-11-30,Elche CF,1846,-5,1841,Atlético Madrid,2211,5,2216
2013-11-30,Espanyol Barcelona,1908,-10,1898,Real Sociedad,2003,10,2013
2013-11-30,Celta Vigo,1860,11,1871,UD Almería,1859,-11,1848
2013-11-29,Villarreal CF,1973,-4,1969,Málaga CF,1939,4,1943
2013-11-29,Getafe CF,1925,6,1931,Levante UD,1893,-6,1887
2013-11-25,Málaga CF,1952,-13,1939,Athletic Bilbao,1933,13,1946
2013-11-24,Sevilla FC,1992,11,2003,Real Betis,1931,-11,1920
2013-11-24,Levante UD,1914,-21,1893,Villarreal CF,1952,21,1973
2013-11-24,Elche CF,1834,12,1846,Valencia CF,2020,-12,2008
2013-11-24,Rayo Vallecano,1864,-21,1843,Espanyol Barcelona,1887,21,1908
2013-11-23,FC Barcelona,2311,2,2313,Granada CF,1899,-2,1897
2013-11-23,UD Almería,1864,-5,1859,Real Madrid,2295,5,2300
2013-11-23,Atlético Madrid,2212,4,2216,Getafe CF,1929,-4,1925
2013-11-23,Real Sociedad,2018,4,2022,Celta Vigo,1864,-4,1860
2013-11-22,Real Valladolid,1879,-14,1865,CA Osasuna,1846,14,1860
2013-11-10,Real Betis,1937,-6,1931,FC Barcelona,2305,6,2311
2013-11-10,Villarreal CF,1947,5,1952,Atlético Madrid,2217,-5,2212
2013-11-10,Valencia CF,2026,-6,2020,Real Valladolid,1873,6,1879
2013-11-10,Espanyol Barcelona,1903,-16,1887,Sevilla FC,1976,16,1992
2013-11-09,Real Madrid,2291,4,2295,Real Sociedad,2022,-4,2018
2013-11-09,Athletic Bilbao,1926,7,1933,Levante UD,1921,-7,1914
2013-11-09,Getafe CF,1934,-5,1929,Elche CF,1829,5,1834
2013-11-09,Celta Vigo,1885,-21,1864,Rayo Vallecano,1843,21,1864
2013-11-08,Granada CF,1885,14,1899,Málaga CF,1966,-14,1952
2013-11-08,CA Osasuna,1859,-13,1846,UD Almería,1851,13,1864
2013-11-04,Elche CF,1839,-10,1829,Villarreal CF,1937,10,1947
2013-11-03,Atlético Madrid,2211,3,2214,Athletic Bilbao,1929,-3,1926
2013-11-03,Getafe CF,1945,-11,1934,Valencia CF,2005,11,2016
2013-11-03,Málaga CF,1960,6,1966,Real Betis,1932,-6,1926
2013-11-03,Levante UD,1935,-14,1921,Granada CF,1871,14,1885
2013-11-02,Rayo Vallecano,1845,-2,1843,Real Madrid,2290,2,2292
2013-11-02,Real Sociedad,2012,8,2020,CA Osasuna,1867,-8,1859
2013-11-02,Sevilla FC,2000,-16,1984,Celta Vigo,1869,16,1885
2013-11-02,UD Almería,1843,8,1851,Real Valladolid,1881,-8,1873
2013-11-01,FC Barcelona,2298,1,2299,Espanyol Barcelona,1904,-1,1903
2013-10-31,Granada CF,1875,-4,1871,Atlético Madrid,2207,4,2211
2013-10-31,Villarreal CF,1957,-20,1937,Getafe CF,1925,20,1945
2013-10-31,Real Betis,1935,-3,1932,Levante UD,1932,3,1935
2013-10-31,Athletic Bilbao,1934,-5,1929,Elche CF,1834,5,1839
2013-10-30,Real Madrid,2286,4,2290,Sevilla FC,2004,-4,2000
2013-10-30,Real Valladolid,1880,1,1881,Real Sociedad,2013,-1,2012
2013-10-30,Valencia CF,2022,-17,2005,UD Almería,1826,17,1843
2013-10-30,CA Osasuna,1856,11,1867,Rayo Vallecano,1856,-11,1845
2013-10-29,Celta Vigo,1874,-5,1869,FC Barcelona,2293,5,2298
2013-10-29,Espanyol Barcelona,1905,-1,1904,Málaga CF,1959,1,1960
2013-10-28,Getafe CF,1938,-13,1925,Athletic Bilbao,1921,13,1934
2013-10-27,Atlético Madrid,2203,4,2207,Real Betis,1939,-4,1935
2013-10-27,Villarreal CF,1940,17,1957,Valencia CF,2039,-17,2022
2013-10-27,Sevilla FC,2000,4,2004,CA Osasuna,1860,-4,1856
2013-10-27,Real Sociedad,2007,6,2013,UD Almería,1832,-6,1826
2013-10-26,FC Barcelona,2286,7,2293,Real Madrid,2293,-7,2286
2013-10-26,Levante UD,1919,13,1932,Espanyol Barcelona,1918,-13,1905
2013-10-26,Málaga CF,1991,-32,1959,Celta Vigo,1842,32,1874
2013-10-26,Elche CF,1846,-12,1834,Granada CF,1863,12,1875
2013-10-25,Rayo Vallecano,1879,-23,1856,Real Valladolid,1857,23,1880
2013-10-21,Athletic Bilbao,1908,13,1921,Villarreal CF,1953,-13,1940
2013-10-21,Celta Vigo,1853,-11,1842,Levante UD,1908,11,1919
2013-10-20,Real Valladolid,1856,1,1857,Sevilla FC,2003,-1,2002
2013-10-20,Granada CF,1881,-18,1863,Getafe CF,1920,18,1938
2013-10-20,Real Betis,1950,-16,1934,Elche CF,1830,16,1846
2013-10-20,UD Almería,1844,-12,1832,Rayo Vallecano,1867,12,1879
2013-10-19,Real Madrid,2284,3,2287,Málaga CF,1994,-3,1991
2013-10-19,CA Osasuna,1852,8,1860,FC Barcelona,2298,-8,2290
2013-10-19,Espanyol Barcelona,1903,15,1918,Atlético Madrid,2209,-15,2194
2013-10-19,Valencia CF,2046,-14,2032,Real Sociedad,1999,14,2013
2013-10-06,Atlético Madrid,2208,1,2209,Celta Vigo,1854,-1,1853
2013-10-06,Athletic Bilbao,1907,1,1908,Valencia CF,2047,-1,2046
2013-10-06,Getafe CF,1907,13,1920,Real Betis,1963,-13,1950
2013-10-06,Sevilla FC,1999,4,2003,UD Almería,1848,-4,1844
2013-10-05,Levante UD,1912,-4,1908,Real Madrid,2280,4,2284
2013-10-05,FC Barcelona,2297,1,2298,Real Valladolid,1857,-1,1856
2013-10-05,Rayo Vallecano,1855,12,1867,Real Sociedad,2011,-12,1999
2013-10-05,Elche CF,1820,10,1830,Espanyol Barcelona,1913,-10,1903
2013-10-04,Málaga CF,2011,-17,1994,CA Osasuna,1835,17,1852
2013-10-04,Villarreal CF,1943,10,1953,Granada CF,1891,-10,1881
2013-09-30,Granada CF,1879,12,1891,Athletic Bilbao,1919,-12,1907
2013-09-29,Real Betis,1962,7,1969,Villarreal CF,1950,-7,1943
2013-09-29,Espanyol Barcelona,1934,-21,1913,Getafe CF,1886,21,1907
2013-09-29,CA Osasuna,1846,-11,1835,Levante UD,1901,11,1912
2013-09-29,Celta Vigo,1868,-14,1854,Elche CF,1806,14,1820
2013-09-28,Real Madrid,2294,-16,2278,Atlético Madrid,2175,16,2191
2013-09-28,UD Almería,1852,-4,1848,FC Barcelona,2288,4,2292
2013-09-28,Real Sociedad,2024,-4,2020,Sevilla FC,1984,4,1988
2013-09-28,Valencia CF,2029,3,2032,Rayo Vallecano,1858,-3,1855
2013-09-27,Real Valladolid,1855,2,1857,Málaga CF,2013,-2,2011
2013-09-26,Villarreal CF,1943,7,1950,Espanyol Barcelona,1941,-7,1934
2013-09-26,Athletic Bilbao,1910,9,1919,Real Betis,1971,-9,1962
2013-09-26,Getafe CF,1875,11,1886,Celta Vigo,1879,-11,1868
2013-09-25,Elche CF,1808,-2,1806,Real Madrid,2292,2,2294
2013-09-25,Granada CF,1888,-9,1879,Valencia CF,2020,9,2029
2013-09-25,Sevilla FC,1976,8,1984,Rayo Vallecano,1866,-8,1858
2013-09-24,FC Barcelona,2284,4,2288,Real Sociedad,2028,-4,2024
2013-09-24,Atlético Madrid,2173,2,2175,CA Osasuna,1848,-2,1846
2013-09-24,Málaga CF,2007,6,2013,UD Almería,1858,-6,1852
2013-09-24,Levante UD,1905,-4,1901,Real Valladolid,1851,4,1855
2013-09-23,Espanyol Barcelona,1934,7,1941,Athletic Bilbao,1917,-7,1910
2013-09-22,Real Madrid,2290,2,2292,Getafe CF,1877,-2,1875
2013-09-22,Valencia CF,2010,10,2020,Sevilla FC,1986,-10,1976
2013-09-22,Real Betis,1976,-5,1971,Granada CF,1883,5,1888
2013-09-22,Celta Vigo,1880,-1,1879,Villarreal CF,1942,1,1943
2013-09-21,Rayo Vallecano,1871,-5,1866,FC Barcelona,2279,5,2284
2013-09-21,Real Sociedad,2032,-4,2028,Málaga CF,2003,4,2007
2013-09-21,Real Valladolid,1858,-7,1851,Atlético Madrid,2166,7,2173
2013-09-21,UD Almería,1860,-2,1858,Levante UD,1903,2,1905
2013-09-20,CA Osasuna,1842,6,1848,Elche CF,1814,-6,1808
2013-09-16,Athletic Bilbao,1910,7,1917,Celta Vigo,1887,-7,1880
2013-09-16,Elche CF,1816,-2,1814,Real Valladolid,1856,2,1858
2013-09-15,Real Betis,1966,15,1981,Valencia CF,2059,-15,2044
2013-09-15,Málaga CF,1994,9,2003,Rayo Vallecano,1880,-9,1871
2013-09-15,Granada CF,1895,-12,1883,Espanyol Barcelona,1922,12,1934
2013-09-15,Getafe CF,1870,7,1877,CA Osasuna,1849,-7,1842
2013-09-14,FC Barcelona,2271,2,2273,Sevilla FC,1979,-2,1977
2013-09-14,Villarreal CF,1936,6,1942,Real Madrid,2283,-6,2277
2013-09-14,Atlético Madrid,2153,3,2156,UD Almería,1863,-3,1860
2013-09-14,Levante UD,1901,2,1903,Real Sociedad,2063,-2,2061
2013-09-01,Valencia CF,2066,-7,2059,FC Barcelona,2264,7,2271
2013-09-01,Real Sociedad,2074,-11,2063,Atlético Madrid,2142,11,2153
2013-09-01,Real Madrid,2281,2,2283,Athletic Bilbao,1912,-2,1910
2013-09-01,Sevilla FC,1982,-3,1979,Málaga CF,1991,3,1994
2013-09-01,Espanyol Barcelona,1924,-2,1922,Real Betis,1964,2,1966
2013-08-31,CA Osasuna,1869,-20,1849,Villarreal CF,1916,20,1936
2013-08-31,Celta Vigo,1890,-3,1887,Granada CF,1892,3,1895
2013-08-31,Real Valladolid,1848,8,1856,Getafe CF,1878,-8,1870
2013-08-30,Rayo Vallecano,1893,-13,1880,Levante UD,1888,13,1901
2013-08-30,UD Almería,1867,-4,1863,Elche CF,1812,4,1816
2013-08-26,Granada CF,1895,-3,1892,Real Madrid,2278,3,2281
2013-08-25,Málaga CF,1997,-6,1991,FC Barcelona,2264,6,2270
2013-08-25,Atlético Madrid,2131,5,2136,Rayo Vallecano,1898,-5,1893
2013-08-25,Levante UD,1888,0,1888,Sevilla FC,1971,0,1971
2013-08-25,Real Betis,1970,-15,1955,Celta Vigo,1875,15,1890
2013-08-24,Espanyol Barcelona,1906,18,1924,Valencia CF,2084,-18,2066
2013-08-24,Elche CF,1808,4,1812,Real Sociedad,2069,-4,2065
2013-08-24,Villarreal CF,1910,6,1916,Real Valladolid,1854,-6,1848
2013-08-23,Athletic Bilbao,1902,10,1912,CA Osasuna,1879,-10,1869
2013-08-23,Getafe CF,1881,-3,1878,UD Almería,1864,3,1867
2013-08-19,Celta Vigo,1877,-2,1875,Espanyol Barcelona,1904,2,1906
2013-08-19,UD Almería,1876,-12,1864,Villarreal CF,1898,12,1910
2013-08-19,Rayo Vallecano,1888,10,1898,Elche CF,1818,-10,1808
2013-08-18,Real Madrid,2276,2,2278,Real Betis,1963,-2,1961
2013-08-18,FC Barcelona,2262,3,2265,Levante UD,1891,-3,1888
2013-08-18,Sevilla FC,1980,-13,1967,Atlético Madrid,2117,13,2130
2013-08-18,CA Osasuna,1892,-13,1879,Granada CF,1882,13,1895
2013-08-17,Valencia CF,2079,5,2084,Málaga CF,2002,-5,1997
2013-08-17,Real Sociedad,2041,6,2047,Getafe CF,1887,-6,1881
2013-08-17,Real Valladolid,1866,-12,1854,Athletic Bilbao,1890,12,1902
2015-05-23,FC Barcelona,2389,-10,2379,Deportivo La Coruña,1829,10,1839
2015-05-23,Real Madrid,2309,1,2310,Getafe CF,1848,-1,1847
2015-05-23,Málaga CF,1913,-6,1907,Sevilla FC,2168,6,2174
2015-05-23,Granada CF,1840,6,1846,Atlético Madrid,2199,-6,2193
2015-05-23,Athletic Bilbao,2015,13,2028,Villarreal CF,2003,-13,1990
2015-05-23,Celta Vigo,1971,7,1978,Espanyol Barcelona,1960,-7,1953
2015-05-23,UD Almería,1820,-5,1815,Valencia CF,2104,5,2109
2015-05-23,Rayo Vallecano,1913,-18,1895,Real Sociedad,1937,18,1955
2015-05-23,Levante UD,1868,-3,1865,Elche CF,1872,3,1875
2015-05-23,SD Eibar,1769,10,1779,Córdoba CF,1710,-10,1700
2015-05-17,Atlético Madrid,2207,-8,2199,FC Barcelona,2381,8,2389
2015-05-17,Espanyol Barcelona,1967,-7,1960,Real Madrid,2302,7,2309
2015-05-17,Valencia CF,2110,-6,2104,Celta Vigo,1965,6,1971
2015-05-17,Sevilla FC,2167,1,2168,UD Almería,1821,-1,1820
2015-05-17,Villarreal CF,1998,5,2003,Málaga CF,1918,-5,1913
2015-05-17,Elche CF,1881,-9,1872,Athletic Bilbao,2006,9,2015
2015-05-17,Real Sociedad,1965,-28,1937,Granada CF,1812,28,1840
2015-05-17,Deportivo La Coruña,1815,14,1829,Levante UD,1882,-14,1868
2015-05-17,Córdoba CF,1717,-7,1710,Rayo Vallecano,1906,7,1913
2015-05-17,Getafe CF,1853,-5,1848,SD Eibar,1764,5,1769
2015-05-11,Rayo Vallecano,1897,9,1906,Getafe CF,1862,-9,1853
2015-05-10,Celta Vigo,1963,2,1965,Sevilla FC,2151,-2,2149
2015-05-10,Levante UD,1876,6,1882,Atlético Madrid,2213,-6,2207
2015-05-10,Villarreal CF,1993,5,1998,Elche CF,1886,-5,1881
2015-05-10,UD Almería,1832,-11,1821,Málaga CF,1907,11,1918
2015-05-09,Real Madrid,2316,-7,2309,Valencia CF,2103,7,2110
2015-05-09,FC Barcelona,2397,1,2398,Real Sociedad,1966,-1,1965
2015-05-09,Athletic Bilbao,2013,-7,2006,Deportivo La Coruña,1808,7,1815
2015-05-09,Granada CF,1804,8,1812,Córdoba CF,1725,-8,1717
2015-05-08,SD Eibar,1776,-12,1764,Espanyol Barcelona,1955,12,1967
2015-05-04,UD Almería,1831,1,1832,Celta Vigo,1964,-1,1963
2015-05-03,Valencia CF,2101,2,2103,SD Eibar,1778,-2,1776
2015-05-03,Espanyol Barcelona,1959,-4,1955,Rayo Vallecano,1893,4,1897
2015-05-03,Málaga CF,1921,-14,1907,Elche CF,1872,14,1886
2015-05-03,Getafe CF,1877,-15,1862,Granada CF,1789,15,1804
2015-05-02,Sevilla FC,2149,-8,2141,Real Madrid,2323,8,2331
2015-05-02,Atlético Madrid,2220,-7,2213,Athletic Bilbao,2006,7,2013
2015-05-02,Córdoba CF,1727,-2,1725,FC Barcelona,2383,2,2385
2015-05-02,Deportivo La Coruña,1805,3,1808,Villarreal CF,1996,-3,1993
2015-05-01,Real Sociedad,1956,10,1966,Levante UD,1886,-10,1876
2015-04-30,Rayo Vallecano,1890,3,1893,Valencia CF,2104,-3,2101
2015-04-30,Granada CF,1798,-9,1789,Espanyol Barcelona,1950,9,1959
2015-04-29,Villarreal CF,2003,-7,1996,Atlético Madrid,2213,7,2220
2015-04-29,Real Madrid,2322,1,2323,UD Almería,1832,-1,1831
2015-04-29,SD Eibar,1783,-5,1778,Sevilla FC,2144,5,2149
2015-04-29,Celta Vigo,1958,6,1964,Málaga CF,1927,-6,1921
2015-04-29,Elche CF,1861,11,1872,Deportivo La Coruña,1816,-11,1805
2015-04-28,FC Barcelona,2382,1,2383,Getafe CF,1878,-1,1877
2015-04-28,Athletic Bilbao,2010,-4,2006,Real Sociedad,1952,4,1956
2015-04-28,Levante UD,1882,4,1886,Córdoba CF,1731,-4,1727
2015-04-27,Valencia CF,2101,3,2104,Granada CF,1801,-3,1798
2015-04-26,Celta Vigo,1964,-6,1958,Real Madrid,2316,6,2322
2015-04-26,Sevilla FC,2140,4,2144,Rayo Vallecano,1894,-4,1890
2015-04-26,Málaga CF,1933,-6,1927,Deportivo La Coruña,1810,6,1816
2015-04-26,UD Almería,1822,10,1832,SD Eibar,1793,-10,1783
2015-04-25,Espanyol Barcelona,1954,-4,1950,FC Barcelona,2378,4,2382
2015-04-25,Atlético Madrid,2211,2,2213,Elche CF,1863,-2,1861
2015-04-25,Real Sociedad,1954,-2,1952,Villarreal CF,2001,2,2003
2015-04-25,Getafe CF,1891,-13,1878,Levante UD,1869,13,1882
2015-04-24,Córdoba CF,1737,-6,1731,Athletic Bilbao,2004,6,2010
2015-04-20,Elche CF,1853,10,1863,Real Sociedad,1964,-10,1954
2015-04-19,Granada CF,1795,6,1801,Sevilla FC,2146,-6,2140
2015-04-19,SD Eibar,1801,-8,1793,Celta Vigo,1956,8,1964
2015-04-19,Villarreal CF,2009,-8,2001,Córdoba CF,1729,8,1737
2015-04-19,Rayo Vallecano,1885,9,1894,UD Almería,1831,-9,1822
2015-04-18,FC Barcelona,2368,3,2371,Valencia CF,2104,-3,2101
2015-04-18,Real Madrid,2306,2,2308,Málaga CF,1935,-2,1933
2015-04-18,Deportivo La Coruña,1813,-3,1810,Atlético Madrid,2216,3,2219
2015-04-18,Athletic Bilbao,1995,9,2004,Getafe CF,1900,-9,1891
2015-04-17,Levante UD,1869,0,1869,Espanyol Barcelona,1954,0,1954
2015-04-13,Valencia CF,2099,5,2104,Levante UD,1874,-5,1869
2015-04-12,Espanyol Barcelona,1945,9,1954,Athletic Bilbao,2004,-9,1995
2015-04-12,Getafe CF,1900,0,1900,Villarreal CF,2009,0,2009
2015-04-12,Real Sociedad,1970,-6,1964,Deportivo La Coruña,1807,6,1813
2015-04-12,Córdoba CF,1744,-15,1729,Elche CF,1838,15,1853
2015-04-11,Sevilla FC,2137,3,2140,FC Barcelona,2353,-3,2350
2015-04-11,Málaga CF,1930,5,1935,Atlético Madrid,2222,-5,2217
2015-04-11,Real Madrid,2304,1,2305,SD Eibar,1802,-1,1801
2015-04-11,Celta Vigo,1944,12,1956,Rayo Vallecano,1897,-12,1885
2015-04-11,UD Almería,1819,12,1831,Granada CF,1807,-12,1795
2015-04-09,Athletic Bilbao,2004,0,2004,Valencia CF,2099,0,2099
2015-04-09,Villarreal CF,2036,-27,2009,Espanyol Barcelona,1918,27,1945
2015-04-09,Elche CF,1850,-12,1838,Getafe CF,1888,12,1900
2015-04-08,Rayo Vallecano,1902,-5,1897,Real Madrid,2299,5,2304
2015-04-08,FC Barcelona,2352,1,2353,UD Almería,1820,-1,1819
2015-04-08,Granada CF,1806,1,1807,Celta Vigo,1945,-1,1944
2015-04-08,Deportivo La Coruña,1812,-5,1807,Córdoba CF,1739,5,1744
2015-04-07,Atlético Madrid,2218,4,2222,Real Sociedad,1974,-4,1970
2015-04-07,Levante UD,1880,-6,1874,Sevilla FC,2131,6,2137
2015-04-07,SD Eibar,1791,11,1802,Málaga CF,1941,-11,1930
2015-04-06,Espanyol Barcelona,1923,-5,1918,Elche CF,1845,5,1850
2015-04-05,Celta Vigo,1948,-3,1945,FC Barcelona,2349,3,2352
2015-04-05,Valencia CF,2104,-5,2099,Villarreal CF,2031,5,2036
2015-04-05,Real Madrid,2297,2,2299,Granada CF,1808,-2,1806
2015-04-05,Getafe CF,1882,6,1888,Deportivo La Coruña,1818,-6,1812
2015-04-04,Sevilla FC,2124,7,2131,Athletic Bilbao,2011,-7,2004
2015-04-04,Córdoba CF,1742,-3,1739,Atlético Madrid,2215,3,2218
2015-04-04,Málaga CF,1943,-2,1941,Real Sociedad,1972,2,1974
2015-04-04,UD Almería,1842,-22,1820,Levante UD,1858,22,1880
2015-04-03,SD Eibar,1801,-10,1791,Rayo Vallecano,1892,10,1902
2015-03-22,FC Barcelona,2343,6,2349,Real Madrid,2303,-6,2297
2015-03-22,Villarreal CF,2048,-17,2031,Sevilla FC,2107,17,2124
2015-03-22,Deportivo La Coruña,1818,0,1818,Espanyol Barcelona,1923,0,1923
2015-03-22,Real Sociedad,1968,4,1972,Córdoba CF,1746,-4,1742
2015-03-21,Atlético Madrid,2213,2,2215,Getafe CF,1884,-2,1882
2015-03-21,Athletic Bilbao,2007,4,2011,UD Almería,1846,-4,1842
2015-03-21,Rayo Vallecano,1883,9,1892,Málaga CF,1952,-9,1943
2015-03-21,Levante UD,1869,-11,1858,Celta Vigo,1937,11,1948
2015-03-21,Granada CF,1811,-3,1808,SD Eibar,1798,3,1801
2015-03-20,Elche CF,1857,-12,1845,Valencia CF,2092,12,2104
2015-03-16,Getafe CF,1895,-11,1884,Real Sociedad,1957,11,1968
2015-03-15,Real Madrid,2302,1,2303,Levante UD,1870,-1,1869
2015-03-15,Sevilla FC,2095,4,2099,Elche CF,1861,-4,1857
2015-03-15,UD Almería,1843,3,1846,Villarreal CF,2059,-3,2056
2015-03-15,Málaga CF,1947,5,1952,Córdoba CF,1751,-5,1746
2015-03-14,SD Eibar,1800,-2,1798,FC Barcelona,2336,2,2338
2015-03-14,Espanyol Barcelona,1918,5,1923,Atlético Madrid,2212,-5,2207
2015-03-14,Celta Vigo,1949,-12,1937,Athletic Bilbao,1995,12,2007
2015-03-14,Rayo Vallecano,1874,9,1883,Granada CF,1820,-9,1811
2015-03-13,Valencia CF,2089,3,2092,Deportivo La Coruña,1821,-3,1818
2015-03-09,Córdoba CF,1760,-9,1751,Getafe CF,1886,9,1895
2015-03-08,Atlético Madrid,2218,-6,2212,Valencia CF,2083,6,2089
2015-03-08,FC Barcelona,2334,2,2336,Rayo Vallecano,1876,-2,1874
2015-03-08,Villarreal CF,2076,8,2084,Celta Vigo,1957,-8,1949
2015-03-08,Real Sociedad,1950,7,1957,Espanyol Barcelona,1925,-7,1918
2015-03-07,Athletic Bilbao,1979,16,1995,Real Madrid,2346,-16,2330
2015-03-07,Deportivo La Coruña,1827,-6,1821,Sevilla FC,2064,6,2070
2015-03-07,Granada CF,1809,11,1820,Málaga CF,1958,-11,1947
2015-03-07,Elche CF,1854,7,1861,UD Almería,1850,-7,1843
2015-03-06,Levante UD,1864,6,1870,SD Eibar,1806,-6,1800
2015-03-02,Celta Vigo,1963,-6,1957,Elche CF,1848,6,1854
2015-03-01,Real Madrid,2354,-8,2346,Villarreal CF,2077,8,2085
2015-03-01,Sevilla FC,2062,2,2064,Atlético Madrid,2220,-2,2218
2015-03-01,Valencia CF,2076,7,2083,Real Sociedad,1957,-7,1950
2015-03-01,SD Eibar,1815,-9,1806,Athletic Bilbao,1951,9,1960
2015-02-28,Granada CF,1812,-3,1809,FC Barcelona,2322,3,2325
2015-02-28,Málaga CF,1952,6,1958,Getafe CF,1892,-6,1886
2015-02-28,Rayo Vallecano,1865,11,1876,Levante UD,1875,-11,1864
2015-02-28,UD Almería,1854,-4,1850,Deportivo La Coruña,1823,4,1827
2015-02-27,Espanyol Barcelona,1941,3,1944,Córdoba CF,1763,-3,1760
2015-02-23,Levante UD,1869,6,1875,Granada CF,1818,-6,1812
2015-02-22,Elche CF,1851,-3,1848,Real Madrid,2351,3,2354
2015-02-22,Real Sociedad,1947,10,1957,Sevilla FC,2057,-10,2047
2015-02-22,Villarreal CF,2056,2,2058,SD Eibar,1817,-2,1815
2015-02-22,Athletic Bilbao,1963,5,1968,Rayo Vallecano,1870,-5,1865
2015-02-21,FC Barcelona,2327,-19,2308,Málaga CF,1933,19,1952
2015-02-21,Atlético Madrid,2237,2,2239,UD Almería,1856,-2,1854
2015-02-21,Córdoba CF,1768,-5,1763,Valencia CF,2071,5,2076
2015-02-21,Deportivo La Coruña,1838,-15,1823,Celta Vigo,1948,15,1963
2015-02-20,Getafe CF,1883,9,1892,Espanyol Barcelona,1950,-9,1941
2015-02-16,SD Eibar,1830,-13,1817,Elche CF,1838,13,1851
2015-02-15,FC Barcelona,2325,2,2327,Levante UD,1871,-2,1869
2015-02-15,Celta Vigo,1924,24,1948,Atlético Madrid,2261,-24,2237
2015-02-15,Valencia CF,2068,3,2071,Getafe CF,1886,-3,1883
2015-02-15,Rayo Vallecano,1850,20,1870,Villarreal CF,2069,-20,2049
2015-02-14,Real Madrid,2341,1,2342,Deportivo La Coruña,1839,-1,1838
2015-02-14,Málaga CF,1953,-20,1933,Espanyol Barcelona,1930,20,1950
2015-02-14,Sevilla FC,2044,4,2048,Córdoba CF,1772,-4,1768
2015-02-14,Granada CF,1817,1,1818,Athletic Bilbao,1961,-1,1960
2015-02-13,UD Almería,1856,0,1856,Real Sociedad,1947,0,1947
2015-02-09,Elche CF,1826,12,1838,Rayo Vallecano,1862,-12,1850
2015-02-08,Athletic Bilbao,1972,-7,1965,FC Barcelona,2314,7,2321
2015-02-08,Espanyol Barcelona,1935,-9,1926,Valencia CF,2059,9,2068
2015-02-08,Getafe CF,1874,12,1886,Sevilla FC,2056,-12,2044
2015-02-08,Córdoba CF,1783,-11,1772,UD Almería,1845,11,1856
2015-02-07,Atlético Madrid,2241,20,2261,Real Madrid,2361,-20,2341
2015-02-07,Villarreal CF,2069,4,2073,Granada CF,1821,-4,1817
2015-02-07,Real Sociedad,1951,-4,1947,Celta Vigo,1920,4,1924
2015-02-07,Levante UD,1852,19,1871,Málaga CF,1972,-19,1953
2015-02-06,Deportivo La Coruña,1828,11,1839,SD Eibar,1841,-11,1830
2015-02-04,Real Madrid,2359,2,2361,Sevilla FC,2058,-2,2056
2015-02-02,Málaga CF,1962,10,1972,Valencia CF,2069,-10,2059
2015-02-01,FC Barcelona,2312,2,2314,Villarreal CF,2071,-2,2069
2015-02-01,Sevilla FC,2053,5,2058,Espanyol Barcelona,1940,-5,1935
2015-02-01,Levante UD,1867,-15,1852,Athletic Bilbao,1957,15,1972
2015-02-01,UD Almería,1837,8,1845,Getafe CF,1882,-8,1874
2015-01-31,Real Madrid,2357,2,2359,Real Sociedad,1953,-2,1951
2015-01-31,SD Eibar,1846,-5,1841,Atlético Madrid,2236,5,2241
2015-01-31,Celta Vigo,1916,4,1920,Córdoba CF,1787,-4,1783
2015-01-31,Granada CF,1813,8,1821,Elche CF,1834,-8,1826
2015-01-30,Rayo Vallecano,1876,-14,1862,Deportivo La Coruña,1814,14,1828
2015-01-26,Getafe CF,1882,8,1890,Celta Vigo,1924,-8,1916
2015-01-25,Valencia CF,2058,11,2069,Sevilla FC,2059,-11,2048
2015-01-25,Athletic Bilbao,1951,-2,1949,Málaga CF,1968,2,1970
2015-01-25,Espanyol Barcelona,1936,9,1945,UD Almería,1846,-9,1837
2015-01-25,Deportivo La Coruña,1817,-3,1814,Granada CF,1810,3,1813
2015-01-24,Córdoba CF,1788,-1,1787,Real Madrid,2356,1,2357
2015-01-24,Elche CF,1839,-5,1834,FC Barcelona,2296,5,2301
2015-01-24,Atlético Madrid,2245,2,2247,Rayo Vallecano,1878,-2,1876
2015-01-24,Villarreal CF,2060,3,2063,Levante UD,1870,-3,1867
2015-01-24,Real Sociedad,1948,5,1953,SD Eibar,1851,-5,1846
2015-01-18,Getafe CF,1889,-4,1885,Real Madrid,2352,4,2356
2015-01-18,Deportivo La Coruña,1821,-4,1817,FC Barcelona,2286,4,2290
2015-01-18,Atlético Madrid,2250,1,2251,Granada CF,1811,-1,1810
2015-01-18,Sevilla FC,2069,8,2077,Málaga CF,1979,-8,1971
2015-01-18,Elche CF,1831,8,1839,Levante UD,1878,-8,1870
2015-01-17,Villarreal CF,2050,7,2057,Athletic Bilbao,1955,-7,1948
2015-01-17,Valencia CF,2055,3,2058,UD Almería,1849,-3,1846
2015-01-17,Espanyol Barcelona,1910,8,1918,Celta Vigo,1932,-8,1924
2015-01-17,Real Sociedad,1963,-15,1948,Rayo Vallecano,1863,15,1878
2015-01-16,Córdoba CF,1789,-1,1788,SD Eibar,1850,1,1851
2015-01-12,Rayo Vallecano,1878,-15,1863,Córdoba CF,1774,15,1789
2015-01-11,FC Barcelona,2271,10,2281,Atlético Madrid,2255,-10,2245
2015-01-11,UD Almería,1866,-11,1855,Sevilla FC,2054,11,2065
2015-01-11,Athletic Bilbao,1994,-17,1977,Elche CF,1819,17,1836
2015-01-11,Granada CF,1814,1,1815,Real Sociedad,1964,-1,1963
2015-01-10,Real Madrid,2356,1,2357,Espanyol Barcelona,1893,-1,1892
2015-01-10,Málaga CF,1991,-1,1990,Villarreal CF,2049,1,2050
2015-01-10,Celta Vigo,1908,2,1910,Valencia CF,2075,-2,2073
2015-01-10,SD Eibar,1841,9,1850,Getafe CF,1892,-9,1883
2015-01-09,Levante UD,1871,-4,1867,Deportivo La Coruña,1817,4,1821
2015-01-05,Córdoba CF,1760,14,1774,Granada CF,1834,-14,1820
2015-01-04,Valencia CF,2056,16,2072,Real Madrid,2388,-16,2372
2015-01-04,Real Sociedad,1953,16,1969,FC Barcelona,2285,-16,2269
2015-01-04,Getafe CF,1904,-14,1890,Rayo Vallecano,1864,14,1878
2015-01-04,Espanyol Barcelona,1911,-15,1896,SD Eibar,1826,15,1841
2015-01-03,Atlético Madrid,2237,2,2239,Levante UD,1880,-2,1878
2015-01-03,Sevilla FC,2044,4,2048,Celta Vigo,1929,-4,1925
2015-01-03,Elche CF,1817,4,1821,Villarreal CF,2048,-4,2044
2015-01-03,Málaga CF,2000,-16,1984,UD Almería,1852,16,1868
2015-01-03,Deportivo La Coruña,1805,12,1817,Athletic Bilbao,1989,-12,1977
2014-12-21,Athletic Bilbao,2000,-11,1989,Atlético Madrid,2226,11,2237
2014-12-21,Villarreal CF,2044,4,2048,Deportivo La Coruña,1809,-4,1805
2014-12-21,Elche CF,1825,-8,1817,Málaga CF,1992,8,2000
2014-12-21,Granada CF,1835,-1,1834,Getafe CF,1903,1,1904
2014-12-20,FC Barcelona,2284,1,2285,Córdoba CF,1761,-1,1760
2014-12-20,SD Eibar,1833,-7,1826,Valencia CF,2049,7,2056
2014-12-20,Levante UD,1881,-1,1880,Real Sociedad,1952,1,1953
2014-12-20,Rayo Vallecano,1883,-19,1864,Espanyol Barcelona,1892,19,1911
2014-12-19,Celta Vigo,1944,-15,1929,UD Almería,1837,15,1852
2014-12-15,Deportivo La Coruña,1807,8,1815,Elche CF,1825,-8,1817
2014-12-14,Atlético Madrid,2253,-17,2236,Villarreal CF,2024,17,2041
2014-12-14,Real Sociedad,1951,-2,1949,Athletic Bilbao,1996,2,1998
2014-12-14,Sevilla FC,2051,-7,2044,SD Eibar,1837,7,1844
2014-12-14,Espanyol Barcelona,1883,6,1889,Granada CF,1840,-6,1834
2014-12-13,Getafe CF,1885,7,1892,FC Barcelona,2290,-7,2283
2014-12-13,Valencia CF,2050,6,2056,Rayo Vallecano,1882,-6,1876
2014-12-13,Málaga CF,1980,6,1986,Celta Vigo,1942,-6,1936
2014-12-13,Córdoba CF,1761,1,1762,Levante UD,1889,-1,1888
2014-12-12,UD Almería,1832,-2,1830,Real Madrid,2386,2,2388
2014-12-08,Levante UD,1892,-3,1889,Getafe CF,1882,3,1885
2014-12-08,SD Eibar,1823,14,1837,UD Almería,1846,-14,1832
2014-12-07,FC Barcelona,2276,2,2278,Espanyol Barcelona,1885,-2,1883
2014-12-07,Villarreal CF,2005,11,2016,Real Sociedad,1962,-11,1951
2014-12-07,Rayo Vallecano,1891,-9,1882,Sevilla FC,2038,9,2047
2014-12-07,Granada CF,1837,3,1840,Valencia CF,2053,-3,2050
2014-12-06,Real Madrid,2382,2,2384,Celta Vigo,1944,-2,1942
2014-12-06,Elche CF,1829,-4,1825,Atlético Madrid,2246,4,2250
2014-12-06,Deportivo La Coruña,1815,-8,1807,Málaga CF,1972,8,1980
2014-12-06,Athletic Bilbao,2008,-18,1990,Córdoba CF,1743,18,1761
2014-12-01,UD Almería,1845,-12,1833,Rayo Vallecano,1888,12,1900
2014-11-30,Valencia CF,2051,-7,2044,FC Barcelona,2267,7,2274
2014-11-30,Atlético Madrid,2243,1,2244,Deportivo La Coruña,1814,-1,1813
2014-11-30,Sevilla FC,2030,6,2036,Granada CF,1838,-6,1832
2014-11-30,Córdoba CF,1757,-9,1748,Villarreal CF,1991,9,2000
2014-11-29,Málaga CF,1977,-3,1974,Real Madrid,2379,3,2382
2014-11-29,Getafe CF,1880,-9,1871,Athletic Bilbao,2005,9,2014
2014-11-29,Celta Vigo,1970,-16,1954,SD Eibar,1818,16,1834
2014-11-29,Espanyol Barcelona,1864,8,1872,Levante UD,1904,-8,1896
2014-11-28,Real Sociedad,1961,7,1968,Elche CF,1832,-7,1825
2014-11-24,Granada CF,1841,-3,1838,UD Almería,1842,3,1845
2014-11-23,Levante UD,1892,12,1904,Valencia CF,2063,-12,2051
2014-11-23,Villarreal CF,1988,5,1993,Getafe CF,1885,-5,1880
2014-11-23,Rayo Vallecano,1878,10,1888,Celta Vigo,1980,-10,1970
2014-11-23,Elche CF,1837,-5,1832,Córdoba CF,1752,5,1757
2014-11-22,FC Barcelona,2254,6,2260,Sevilla FC,2059,-6,2053
2014-11-22,Atlético Madrid,2233,3,2236,Málaga CF,1980,-3,1977
2014-11-22,SD Eibar,1821,-3,1818,Real Madrid,2371,3,2374
2014-11-22,Deportivo La Coruña,1813,1,1814,Real Sociedad,1962,-1,1961
2014-11-21,Athletic Bilbao,1977,7,1984,Espanyol Barcelona,1871,-7,1864
2014-11-09,Real Sociedad,1947,15,1962,Atlético Madrid,2248,-15,2233
2014-11-09,Valencia CF,2068,-5,2063,Athletic Bilbao,1972,5,1977
2014-11-09,Sevilla FC,2066,-7,2059,Levante UD,1885,7,1892
2014-11-09,Espanyol Barcelona,1870,1,1871,Villarreal CF,1989,-1,1988
2014-11-08,Real Madrid,2370,1,2371,Rayo Vallecano,1879,-1,1878
2014-11-08,UD Almería,1845,-3,1842,FC Barcelona,2251,3,2254
2014-11-08,Celta Vigo,1986,-6,1980,Granada CF,1835,6,1841
2014-11-08,Málaga CF,1976,4,1980,SD Eibar,1825,-4,1821
2014-11-08,Getafe CF,1889,-4,1885,Elche CF,1833,4,1837
2014-11-07,Córdoba CF,1753,-1,1752,Deportivo La Coruña,1812,1,1813
2014-11-03,Rayo Vallecano,1894,-15,1879,SD Eibar,1810,15,1825
2014-11-02,Villarreal CF,2022,-18,2004,Valencia CF,2050,18,2068
2014-11-02,Athletic Bilbao,1989,9,1998,Sevilla FC,2070,-9,2061
2014-11-02,Levante UD,1879,6,1885,UD Almería,1851,-6,1845
2014-11-02,Elche CF,1824,9,1833,Espanyol Barcelona,1879,-9,1870
2014-11-01,FC Barcelona,2258,-18,2240,Celta Vigo,1968,18,1986
2014-11-01,Granada CF,1838,-3,1835,Real Madrid,2364,3,2367
2014-11-01,Atlético Madrid,2239,1,2240,Córdoba CF,1754,-1,1753
2014-11-01,Real Sociedad,1960,-13,1947,Málaga CF,1963,13,1976
2014-10-31,Deportivo La Coruña,1823,-11,1812,Getafe CF,1878,11,1889
2014-10-26,Getafe CF,1882,-4,1878,Atlético Madrid,2235,4,2239
2014-10-26,Sevilla FC,2058,6,2064,Villarreal CF,2028,-6,2022
2014-10-26,Málaga CF,1952,11,1963,Rayo Vallecano,1905,-11,1894
2014-10-26,Espanyol Barcelona,1883,-4,1879,Deportivo La Coruña,1819,4,1823
2014-10-25,Real Madrid,2357,7,2364,FC Barcelona,2265,-7,2258
2014-10-25,Valencia CF,2046,4,2050,Elche CF,1828,-4,1824
2014-10-25,UD Almería,1860,-9,1851,Athletic Bilbao,1980,9,1989
2014-10-25,Córdoba CF,1751,3,1754,Real Sociedad,1963,-3,1960
2014-10-25,SD Eibar,1812,-2,1810,Granada CF,1836,2,1838
2014-10-24,Celta Vigo,1958,10,1968,Levante UD,1889,-10,1879
2014-10-20,Real Sociedad,1978,-15,1963,Getafe CF,1867,15,1882
2014-10-19,Atlético Madrid,2229,2,2231,Espanyol Barcelona,1885,-2,1883
2014-10-19,Elche CF,1838,-10,1828,Sevilla FC,2053,10,2063
2014-10-19,Villarreal CF,2014,6,2020,UD Almería,1866,-6,1860
2014-10-19,Deportivo La Coruña,1793,26,1819,Valencia CF,2072,-26,2046
2014-10-18,Levante UD,1894,-5,1889,Real Madrid,2335,5,2340
2014-10-18,FC Barcelona,2260,1,2261,SD Eibar,1813,-1,1812
2014-10-18,Athletic Bilbao,1993,-4,1989,Celta Vigo,1954,4,1958
2014-10-18,Córdoba CF,1759,-8,1751,Málaga CF,1944,8,1952
2014-10-17,Granada CF,1848,-12,1836,Rayo Vallecano,1893,12,1905
2014-10-05,Real Madrid,2332,3,2335,Athletic Bilbao,1996,-3,1993
2014-10-05,Celta Vigo,1972,-18,1954,Villarreal CF,1996,18,2014
2014-10-05,Espanyol Barcelona,1869,16,1885,Real Sociedad,1994,-16,1978
2014-10-05,Sevilla FC,2049,4,2053,Deportivo La Coruña,1797,-4,1793
2014-10-04,Valencia CF,2053,19,2072,Atlético Madrid,2248,-19,2229
2014-10-04,Rayo Vallecano,1899,-6,1893,FC Barcelona,2254,6,2260
2014-10-04,Málaga CF,1939,5,1944,Granada CF,1853,-5,1848
2014-10-04,SD Eibar,1814,-1,1813,Levante UD,1893,1,1894
2014-10-04,UD Almería,1870,-4,1866,Elche CF,1834,4,1838
2014-10-03,Getafe CF,1873,-6,1867,Córdoba CF,1753,6,1759
2014-09-28,Real Sociedad,1995,-1,1994,Valencia CF,2052,1,2053
2014-09-28,Getafe CF,1863,10,1873,Málaga CF,1949,-10,1939
2014-09-28,Deportivo La Coruña,1808,-11,1797,UD Almería,1859,11,1870
2014-09-28,Córdoba CF,1752,1,1753,Espanyol Barcelona,1870,-1,1869
2014-09-27,Villarreal CF,1997,-6,1991,Real Madrid,2322,6,2328
2014-09-27,Atlético Madrid,2230,7,2237,Sevilla FC,2060,-7,2053
2014-09-27,FC Barcelona,2267,2,2269,Granada CF,1855,-2,1853
2014-09-27,Athletic Bilbao,2025,-7,2018,SD Eibar,1807,7,1814
2014-09-27,Levante UD,1914,-21,1893,Rayo Vallecano,1878,21,1899
2014-09-26,Elche CF,1843,-9,1834,Celta Vigo,1963,9,1972
2014-09-25,Valencia CF,2049,3,2052,Córdoba CF,1755,-3,1752
2014-09-25,Espanyol Barcelona,1859,11,1870,Getafe CF,1874,-11,1863
2014-09-24,Málaga CF,1943,6,1949,FC Barcelona,2273,-6,2267
2014-09-24,UD Almería,1863,-4,1859,Atlético Madrid,2226,4,2230
2014-09-24,Sevilla FC,2054,6,2060,Real Sociedad,2001,-6,1995
2014-09-24,Rayo Vallecano,1866,12,1878,Athletic Bilbao,2037,-12,2025
2014-09-24,SD Eibar,1804,3,1807,Villarreal CF,2000,-3,1997
2014-09-24,Granada CF,1867,-12,1855,Levante UD,1902,12,1914
2014-09-23,Real Madrid,2321,1,2322,Elche CF,1844,-1,1843
2014-09-23,Celta Vigo,1959,4,1963,Deportivo La Coruña,1812,-4,1808
2014-09-22,Getafe CF,1889,-15,1874,Valencia CF,2034,15,2049
2014-09-21,Levante UD,1909,-7,1902,FC Barcelona,2266,7,2273
2014-09-21,Villarreal CF,1993,7,2000,Rayo Vallecano,1873,-7,1866
2014-09-21,Real Sociedad,2018,-17,2001,UD Almería,1846,17,1863
2014-09-21,Córdoba CF,1763,-8,1755,Sevilla FC,2046,8,2054
2014-09-20,Atlético Madrid,2234,-8,2226,Celta Vigo,1951,8,1959
2014-09-20,Deportivo La Coruña,1816,-4,1812,Real Madrid,2317,4,2321
2014-09-20,Athletic Bilbao,2054,-17,2037,Granada CF,1850,17,1867
2014-09-20,Espanyol Barcelona,1860,-1,1859,Málaga CF,1942,1,1943
2014-09-19,Elche CF,1866,-22,1844,SD Eibar,1782,22,1804
2014-09-15,SD Eibar,1795,-13,1782,Deportivo La Coruña,1803,13,1816
2014-09-14,Sevilla FC,2034,6,2040,Getafe CF,1895,-6,1889
2014-09-14,Valencia CF,2029,5,2034,Espanyol Barcelona,1865,-5,1860
2014-09-14,Granada CF,1849,1,1850,Villarreal CF,1990,-1,1989
2014-09-14,Rayo Vallecano,1887,-14,1873,Elche CF,1852,14,1866
2014-09-13,Real Madrid,2328,-15,2313,Atlético Madrid,2240,15,2255
2014-09-13,FC Barcelona,2260,5,2265,Athletic Bilbao,2063,-5,2058
2014-09-13,Celta Vigo,1952,-1,1951,Real Sociedad,2017,1,2018
2014-09-13,Málaga CF,1946,-4,1942,Levante UD,1905,4,1909
2014-09-12,UD Almería,1851,-5,1846,Córdoba CF,1758,5,1763
2014-08-31,Real Sociedad,1992,25,2017,Real Madrid,2353,-25,2328
2014-08-31,Villarreal CF,1996,-6,1990,FC Barcelona,2254,6,2260
2014-08-31,Elche CF,1855,-3,1852,Granada CF,1846,3,1849
2014-08-31,Deportivo La Coruña,1803,0,1803,Rayo Vallecano,1887,0,1887
2014-08-30,Atlético Madrid,2239,1,2240,SD Eibar,1796,-1,1795
2014-08-30,Athletic Bilbao,2056,7,2063,Levante UD,1912,-7,1905
2014-08-30,Espanyol Barcelona,1874,-9,1865,Sevilla FC,2025,9,2034
2014-08-30,Córdoba CF,1755,3,1758,Celta Vigo,1955,-3,1952
2014-08-29,Valencia CF,2019,10,2029,Málaga CF,1956,-10,1946
2014-08-29,Getafe CF,1889,6,1895,UD Almería,1857,-6,1851
2014-08-25,Rayo Vallecano,1881,6,1887,Atlético Madrid,2245,-6,2239
2014-08-25,Real Madrid,2352,1,2353,Córdoba CF,1756,-1,1755
2014-08-24,FC Barcelona,2252,2,2254,Elche CF,1857,-2,1855
2014-08-24,Levante UD,1929,-17,1912,Villarreal CF,1976,17,1993
2014-08-24,Celta Vigo,1946,9,1955,Getafe CF,1898,-9,1889
2014-08-24,SD Eibar,1782,14,1796,Real Sociedad,2024,-14,2010
2014-08-23,Sevilla FC,2028,-3,2025,Valencia CF,2016,3,2019
2014-08-23,Málaga CF,1946,10,1956,Athletic Bilbao,2048,-10,2038
2014-08-23,UD Almería,1859,-2,1857,Espanyol Barcelona,1872,2,1874
2014-08-23,Granada CF,1840,6,1846,Deportivo La Coruña,1809,-6,1803
2016-05-15,Sporting Gijón,1855,19,1874,Villarreal CF,2054,-19,2035
2016-05-15,Málaga CF,1927,12,1939,UD Las Palmas,1920,-12,1908
2016-05-15,Real Betis,1893,6,1899,Getafe CF,1847,-6,1841
2016-05-15,Espanyol Barcelona,1885,9,1894,SD Eibar,1838,-9,1829
2016-05-15,Rayo Vallecano,1889,9,1898,Levante UD,1832,-9,1823
2016-05-14,Atlético Madrid,2232,4,2236,Celta Vigo,2018,-4,2014
2016-05-14,Granada CF,1867,-4,1863,FC Barcelona,2335,4,2339
2016-05-14,Deportivo La Coruña,1869,-3,1866,Real Madrid,2325,3,2328
2016-05-14,Athletic Bilbao,2068,10,2078,Sevilla FC,2048,-10,2038
2016-05-13,Valencia CF,1995,-14,1981,Real Sociedad,1941,14,1955
2016-05-08,Real Madrid,2323,2,2325,Valencia CF,1997,-2,1995
2016-05-08,FC Barcelona,2333,2,2335,Espanyol Barcelona,1887,-2,1885
2016-05-08,Levante UD,1815,17,1832,Atlético Madrid,2249,-17,2232
2016-05-08,UD Las Palmas,1919,1,1920,Athletic Bilbao,2069,-1,2068
2016-05-08,Celta Vigo,2013,5,2018,Málaga CF,1932,-5,1927
2016-05-08,Villarreal CF,2080,-26,2054,Deportivo La Coruña,1843,26,1869
2016-05-08,Sevilla FC,2079,-31,2048,Granada CF,1836,31,1867
2016-05-08,Real Sociedad,1935,6,1941,Rayo Vallecano,1895,-6,1889
2016-05-08,SD Eibar,1839,-1,1838,Real Betis,1892,1,1893
2016-05-08,Getafe CF,1850,-3,1847,Sporting Gijón,1852,3,1855
2016-05-02,Málaga CF,1925,7,1932,Levante UD,1822,-7,1815
2016-05-01,Valencia CF,2013,-16,1997,Villarreal CF,2083,16,2099
2016-05-01,Athletic Bilbao,2063,6,2069,Celta Vigo,2019,-6,2013
2016-05-01,Espanyol Barcelona,1874,13,1887,Sevilla FC,2079,-13,2066
2016-05-01,Deportivo La Coruña,1863,-20,1843,Getafe CF,1830,20,1850
2016-04-30,Real Sociedad,1938,-3,1935,Real Madrid,2315,3,2318
2016-04-30,Real Betis,1896,-4,1892,FC Barcelona,2329,4,2333
2016-04-30,Atlético Madrid,2257,1,2258,Rayo Vallecano,1896,-1,1895
2016-04-30,Granada CF,1826,10,1836,UD Las Palmas,1929,-10,1919
2016-04-29,Sporting Gijón,1841,11,1852,SD Eibar,1850,-11,1839
2016-04-25,Celta Vigo,2016,3,2019,Granada CF,1829,-3,1826
2016-04-24,Villarreal CF,2080,-6,2074,Real Sociedad,1932,6,1938
2016-04-24,Sevilla FC,2071,5,2076,Real Betis,1901,-5,1896
2016-04-24,Levante UD,1818,4,1822,Athletic Bilbao,2067,-4,2063
2016-04-24,Getafe CF,1828,2,1830,Valencia CF,2015,-2,2013
2016-04-23,Rayo Vallecano,1899,-3,1896,Real Madrid,2314,3,2317
2016-04-23,FC Barcelona,2328,1,2329,Sporting Gijón,1842,-1,1841
2016-04-23,Atlético Madrid,2241,2,2243,Málaga CF,1927,-2,1925
2016-04-23,SD Eibar,1853,-3,1850,Deportivo La Coruña,1860,3,1863
2016-04-22,UD Las Palmas,1917,12,1929,Espanyol Barcelona,1886,-12,1874
2016-04-21,Real Sociedad,1948,-16,1932,Getafe CF,1812,16,1828
2016-04-21,Granada CF,1815,14,1829,Levante UD,1832,-14,1818
2016-04-20,Real Madrid,2309,5,2314,Villarreal CF,2085,-5,2080
2016-04-20,Athletic Bilbao,2075,-8,2067,Atlético Madrid,2233,8,2241
2016-04-20,Deportivo La Coruña,1865,-5,1860,FC Barcelona,2323,5,2328
2016-04-20,Sporting Gijón,1828,14,1842,Sevilla FC,2085,-14,2071
2016-04-20,Valencia CF,2008,7,2015,SD Eibar,1860,-7,1853
2016-04-20,Málaga CF,1931,-4,1927,Rayo Vallecano,1895,4,1899
2016-04-19,Espanyol Barcelona,1885,1,1886,Celta Vigo,2017,-1,2016
2016-04-19,Real Betis,1893,8,1901,UD Las Palmas,1925,-8,1917
2016-04-17,FC Barcelona,2342,-19,2323,Valencia CF,1989,19,2008
2016-04-17,Atlético Madrid,2231,2,2233,Granada CF,1817,-2,1815
2016-04-17,Málaga CF,1940,-9,1931,Athletic Bilbao,2066,9,2075
2016-04-17,Rayo Vallecano,1882,13,1895,Villarreal CF,2098,-13,2085
2016-04-17,Sevilla FC,2092,-7,2085,Deportivo La Coruña,1858,7,1865
2016-04-16,Getafe CF,1816,-4,1812,Real Madrid,2305,4,2309
2016-04-16,Celta Vigo,2023,-6,2017,Real Betis,1887,6,1893
2016-04-16,SD Eibar,1850,10,1860,Real Sociedad,1958,-10,1948
2016-04-16,UD Las Palmas,1930,-5,1925,Sporting Gijón,1823,5,1828
2016-04-15,Levante UD,1823,9,1832,Espanyol Barcelona,1894,-9,1885
2016-04-11,Deportivo La Coruña,1876,-18,1858,UD Las Palmas,1912,18,1930
2016-04-10,Valencia CF,1978,11,1989,Sevilla FC,2121,-11,2110
2016-04-10,Athletic Bilbao,2044,4,2048,Rayo Vallecano,1886,-4,1882
2016-04-10,Villarreal CF,2075,3,2078,Getafe CF,1819,-3,1816
2016-04-10,Sporting Gijón,1831,-8,1823,Celta Vigo,2015,8,2023
2016-04-09,Real Sociedad,1940,18,1958,FC Barcelona,2387,-18,2369
2016-04-09,Real Madrid,2297,2,2299,SD Eibar,1852,-2,1850
2016-04-09,Espanyol Barcelona,1901,-7,1894,Atlético Madrid,2197,7,2204
2016-04-09,Real Betis,1881,6,1887,Levante UD,1829,-6,1823
2016-04-08,Granada CF,1816,1,1817,Málaga CF,1941,-1,1940
2016-04-04,Levante UD,1832,-3,1829,Sporting Gijón,1828,3,1831
2016-04-03,Sevilla FC,2124,-17,2107,Real Sociedad,1923,17,1940
2016-04-03,SD Eibar,1859,-7,1852,Villarreal CF,2061,7,2068
2016-04-03,Athletic Bilbao,2066,-8,2058,Granada CF,1808,8,1816
2016-04-03,Málaga CF,1945,-4,1941,Espanyol Barcelona,1897,4,1901
2016-04-02,FC Barcelona,2397,-15,2382,Real Madrid,2316,15,2331
2016-04-02,Atlético Madrid,2199,3,2202,Real Betis,1884,-3,1881
2016-04-02,Celta Vigo,2021,-6,2015,Deportivo La Coruña,1870,6,1876
2016-04-02,UD Las Palmas,1902,10,1912,Valencia CF,1988,-10,1978
2016-04-01,Rayo Vallecano,1877,9,1886,Getafe CF,1828,-9,1819
2016-03-20,Villarreal CF,2055,6,2061,FC Barcelona,2403,-6,2397
2016-03-20,Real Madrid,2310,6,2316,Sevilla FC,2130,-6,2124
2016-03-20,Valencia CF,2007,-19,1988,Celta Vigo,2002,19,2021
2016-03-20,Espanyol Barcelona,1884,13,1897,Athletic Bilbao,2079,-13,2066
2016-03-19,Sporting Gijón,1811,17,1828,Atlético Madrid,2216,-17,2199
2016-03-19,Real Betis,1896,-12,1884,Málaga CF,1933,12,1945
2016-03-19,Real Sociedad,1937,-14,1923,UD Las Palmas,1888,14,1902
2016-03-19,Deportivo La Coruña,1863,7,1870,Levante UD,1839,-7,1832
2016-03-19,Granada CF,1809,-1,1808,Rayo Vallecano,1876,1,1877
2016-03-18,Getafe CF,1830,-2,1828,SD Eibar,1857,2,1859
2016-03-14,Granada CF,1810,-1,1809,Espanyol Barcelona,1883,1,1884
2016-03-13,UD Las Palmas,1891,-3,1888,Real Madrid,2307,3,2310
2016-03-13,Sevilla FC,2110,9,2119,Villarreal CF,2062,-9,2053
2016-03-13,Athletic Bilbao,2086,5,2091,Real Betis,1901,-5,1896
2016-03-13,Levante UD,1827,12,1839,Valencia CF,2007,-12,1995
2016-03-12,FC Barcelona,2398,1,2399,Getafe CF,1831,-1,1830
2016-03-12,Atlético Madrid,2224,2,2226,Deportivo La Coruña,1865,-2,1863
2016-03-12,Celta Vigo,1996,6,2002,Real Sociedad,1943,-6,1937
2016-03-12,Rayo Vallecano,1879,-3,1876,SD Eibar,1854,3,1857
2016-03-11,Málaga CF,1928,5,1933,Sporting Gijón,1816,-5,1811
2016-03-07,Espanyol Barcelona,1876,7,1883,Rayo Vallecano,1886,-7,1879
2016-03-06,SD Eibar,1857,-3,1854,FC Barcelona,2395,3,2398
2016-03-06,Valencia CF,2025,-11,2014,Atlético Madrid,2213,11,2224
2016-03-06,Sporting Gijón,1825,-9,1816,Athletic Bilbao,2070,9,2079
2016-03-06,Real Sociedad,1949,-6,1943,Levante UD,1821,6,1827
2016-03-06,Real Betis,1893,8,1901,Granada CF,1818,-8,1810
2016-03-05,Real Madrid,2298,4,2302,Celta Vigo,2000,-4,1996
2016-03-05,Villarreal CF,2067,-17,2050,UD Las Palmas,1874,17,1891
2016-03-05,Getafe CF,1826,5,1831,Sevilla FC,2115,-5,2110
2016-03-05,Deportivo La Coruña,1866,-1,1865,Málaga CF,1927,1,1928
2016-03-03,Rayo Vallecano,1889,-3,1886,FC Barcelona,2392,3,2395
2016-03-03,Espanyol Barcelona,1900,-24,1876,Real Betis,1869,24,1893
2016-03-03,Granada CF,1806,12,1818,Sporting Gijón,1837,-12,1825
2016-03-02,Levante UD,1824,-3,1821,Real Madrid,2295,3,2298
2016-03-02,Celta Vigo,2001,-1,2000,Villarreal CF,2066,1,2067
2016-03-02,Sevilla FC,2113,2,2115,SD Eibar,1859,-2,1857
2016-03-02,Málaga CF,1938,-11,1927,Valencia CF,2014,11,2025
2016-03-02,Athletic Bilbao,2065,5,2070,Deportivo La Coruña,1871,-5,1866
2016-03-01,Atlético Madrid,2209,4,2213,Real Sociedad,1953,-4,1949
2016-03-01,UD Las Palmas,1862,12,1874,Getafe CF,1838,-12,1826
2016-02-28,FC Barcelona,2390,2,2392,Sevilla FC,2115,-2,2113
2016-02-28,Valencia CF,2036,-22,2014,Athletic Bilbao,2043,22,2065
2016-02-28,Villarreal CF,2062,4,2066,Levante UD,1828,-4,1824
2016-02-28,Deportivo La Coruña,1886,-15,1871,Granada CF,1791,15,1806
2016-02-27,Real Madrid,2311,-16,2295,Atlético Madrid,2193,16,2209
2016-02-27,Real Sociedad,1956,-3,1953,Málaga CF,1935,3,1938
2016-02-27,Getafe CF,1847,-9,1838,Celta Vigo,1992,9,2001
2016-02-27,Real Betis,1871,-2,1869,Rayo Vallecano,1887,2,1889
2016-02-27,Sporting Gijón,1855,-18,1837,Espanyol Barcelona,1882,18,1900
2016-02-26,SD Eibar,1872,-13,1859,UD Las Palmas,1849,13,1862
2016-02-21,Atlético Madrid,2201,-6,2195,Villarreal CF,2050,6,2056
2016-02-21,Málaga CF,1928,7,1935,Real Madrid,2318,-7,2311
2016-02-21,Rayo Vallecano,1883,4,1887,Sevilla FC,2137,-4,2133
2016-02-21,Athletic Bilbao,2066,-16,2050,Real Sociedad,1940,16,1956
2016-02-21,Granada CF,1798,-7,1791,Valencia CF,2009,7,2016
2016-02-20,UD Las Palmas,1851,-2,1849,FC Barcelona,2373,2,2375
2016-02-20,Celta Vigo,1987,5,1992,SD Eibar,1877,-5,1872
2016-02-20,Espanyol Barcelona,1874,8,1882,Deportivo La Coruña,1894,-8,1886
2016-02-20,Real Betis,1874,-3,1871,Sporting Gijón,1852,3,1855
2016-02-19,Levante UD,1813,15,1828,Getafe CF,1862,-15,1847
2016-02-17,Sporting Gijón,1855,-3,1852,FC Barcelona,2370,3,2373
2016-02-14,FC Barcelona,2368,2,2370,Celta Vigo,1989,-2,1987
2016-02-14,Getafe CF,1866,-4,1862,Atlético Madrid,2197,4,2201
2016-02-14,Sevilla FC,2129,3,2132,UD Las Palmas,1854,-3,1851
2016-02-14,Real Sociedad,1933,7,1940,Granada CF,1805,-7,1798
2016-02-14,SD Eibar,1868,9,1877,Levante UD,1822,-9,1813
2016-02-13,Real Madrid,2302,4,2306,Athletic Bilbao,2057,-4,2053
2016-02-13,Villarreal CF,2032,5,2037,Málaga CF,1933,-5,1928
2016-02-13,Valencia CF,1993,5,1998,Espanyol Barcelona,1879,-5,1874
2016-02-13,Deportivo La Coruña,1898,-4,1894,Real Betis,1870,4,1874
2016-02-12,Sporting Gijón,1857,-2,1855,Rayo Vallecano,1881,2,1883
2016-02-08,Espanyol Barcelona,1904,-25,1879,Real Sociedad,1908,25,1933
2016-02-07,Levante UD,1824,-2,1822,FC Barcelona,2373,2,2375
2016-02-07,Celta Vigo,1987,1,1988,Sevilla FC,2131,-1,2130
2016-02-07,Granada CF,1807,-2,1805,Real Madrid,2300,2,2302
2016-02-07,Real Betis,1859,11,1870,Valencia CF,1997,-11,1986
2016-02-06,Athletic Bilbao,2061,-4,2057,Villarreal CF,2028,4,2032
2016-02-06,Atlético Madrid,2195,2,2197,SD Eibar,1870,-2,1868
2016-02-06,Sporting Gijón,1859,-2,1857,Deportivo La Coruña,1896,2,1898
2016-02-06,Rayo Vallecano,1870,11,1881,UD Las Palmas,1865,-11,1854
2016-02-05,Málaga CF,1922,11,1933,Getafe CF,1877,-11,1866
2016-02-01,Deportivo La Coruña,1900,-4,1896,Rayo Vallecano,1866,4,1870
2016-01-31,Real Madrid,2298,2,2300,Espanyol Barcelona,1906,-2,1904
2016-01-31,Sevilla FC,2120,3,2123,Levante UD,1827,-3,1824
2016-01-31,UD Las Palmas,1853,12,1865,Celta Vigo,2007,-12,1995
2016-01-31,Valencia CF,2017,-17,2000,Sporting Gijón,1842,17,1859
2016-01-30,FC Barcelona,2366,4,2370,Atlético Madrid,2199,-4,2195
2016-01-30,Getafe CF,1885,-8,1877,Athletic Bilbao,2053,8,2061
2016-01-30,Villarreal CF,2025,3,2028,Granada CF,1810,-3,1807
2016-01-30,SD Eibar,1882,-12,1870,Málaga CF,1910,12,1922
2016-01-30,Real Sociedad,1902,6,1908,Real Betis,1865,-6,1859
2016-01-25,Levante UD,1818,9,1827,UD Las Palmas,1871,-9,1862
2016-01-24,Atlético Madrid,2221,-5,2216,Sevilla FC,2107,5,2112
2016-01-24,Real Betis,1857,8,1865,Real Madrid,2306,-8,2298
2016-01-24,Athletic Bilbao,2050,6,2056,SD Eibar,1888,-6,1882
2016-01-24,Deportivo La Coruña,1900,0,1900,Valencia CF,2008,0,2008
2016-01-23,Málaga CF,1912,-2,1910,FC Barcelona,2361,2,2363
2016-01-23,Espanyol Barcelona,1905,1,1906,Villarreal CF,2026,-1,2025
2016-01-23,Rayo Vallecano,1845,21,1866,Celta Vigo,2011,-21,1990
2016-01-23,Granada CF,1800,10,1810,Getafe CF,1895,-10,1885
2016-01-22,Sporting Gijón,1823,19,1842,Real Sociedad,1921,-19,1902
2016-01-18,SD Eibar,1878,10,1888,Granada CF,1810,-10,1800
2016-01-17,FC Barcelona,2352,4,2356,Athletic Bilbao,2059,-4,2055
2016-01-17,Real Madrid,2305,1,2306,Sporting Gijón,1824,-1,1823
2016-01-17,UD Las Palmas,1872,-7,1865,Atlético Madrid,2217,7,2224
2016-01-17,Valencia CF,2021,-7,2014,Rayo Vallecano,1838,7,1845
2016-01-17,Getafe CF,1883,12,1895,Espanyol Barcelona,1917,-12,1905
2016-01-16,Sevilla FC,2101,3,2104,Málaga CF,1915,-3,1912
2016-01-16,Villarreal CF,2033,-7,2026,Real Betis,1850,7,1857
2016-01-16,Celta Vigo,2005,3,2008,Levante UD,1821,-3,1818
2016-01-16,Real Sociedad,1925,-4,1921,Deportivo La Coruña,1896,4,1900
2016-01-10,Celta Vigo,2013,-11,2002,Atlético Madrid,2204,11,2215
2016-01-10,Real Sociedad,1909,16,1925,Valencia CF,2024,-16,2008
2016-01-10,Villarreal CF,2042,4,2046,Sporting Gijón,1828,-4,1824
2016-01-10,SD Eibar,1877,9,1886,Espanyol Barcelona,1930,-9,1921
2016-01-10,UD Las Palmas,1866,-2,1864,Málaga CF,1913,2,1915
2016-01-09,Real Madrid,2303,2,2305,Deportivo La Coruña,1926,-2,1924
2016-01-09,FC Barcelona,2347,1,2348,Granada CF,1824,-1,1823
2016-01-09,Sevilla FC,2086,10,2096,Athletic Bilbao,2056,-10,2046
2016-01-09,Getafe CF,1876,7,1883,Real Betis,1862,-7,1855
2016-01-09,Levante UD,1813,8,1821,Rayo Vallecano,1848,-8,1840
2016-01-04,Sporting Gijón,1840,-12,1828,Getafe CF,1864,12,1876
2016-01-03,Valencia CF,2013,5,2018,Real Madrid,2308,-5,2303
2016-01-03,Deportivo La Coruña,1937,-10,1927,Villarreal CF,2039,10,2049
2016-01-03,Granada CF,1815,15,1830,Sevilla FC,2090,-15,2075
2016-01-03,Athletic Bilbao,2056,-7,2049,UD Las Palmas,1845,7,1852
2016-01-03,Real Betis,1899,-26,1873,SD Eibar,1865,26,1891
2016-01-03,Rayo Vallecano,1842,-1,1841,Real Sociedad,1908,1,1909
2016-01-02,Espanyol Barcelona,1925,7,1932,FC Barcelona,2352,-7,2345
2016-01-02,Atlético Madrid,2210,1,2211,Levante UD,1814,-1,1813
2016-01-02,Málaga CF,1897,16,1913,Celta Vigo,2020,-16,2004
2015-12-31,Villarreal CF,2032,7,2039,Valencia CF,2020,-7,2013
2015-12-30,FC Barcelona,2350,2,2352,Real Betis,1901,-2,1899
2015-12-30,Real Madrid,2306,2,2308,Real Sociedad,1910,-2,1908
2015-12-30,Celta Vigo,2033,-13,2020,Athletic Bilbao,2043,13,2056
2015-12-30,Rayo Vallecano,1848,-6,1842,Atlético Madrid,2204,6,2210
2015-12-30,Sevilla FC,2084,6,2090,Espanyol Barcelona,1931,-6,1925
2015-12-30,Getafe CF,1865,-1,1864,Deportivo La Coruña,1936,1,1937
2015-12-30,Levante UD,1825,-11,1814,Málaga CF,1886,11,1897
2015-12-30,SD Eibar,1854,11,1865,Sporting Gijón,1851,-11,1840
2015-12-30,UD Las Palmas,1833,12,1845,Granada CF,1827,-12,1815
2015-12-20,Real Madrid,2304,2,2306,Rayo Vallecano,1850,-2,1848
2015-12-20,Málaga CF,1870,16,1886,Atlético Madrid,2220,-16,2204
2015-12-20,Real Sociedad,1925,-15,1910,Villarreal CF,2017,15,2032
2015-12-20,Athletic Bilbao,2039,4,2043,Levante UD,1829,-4,1825
2015-12-20,Granada CF,1839,-12,1827,Celta Vigo,2021,12,2033
2015-12-19,Real Betis,1899,2,1901,Sevilla FC,2086,-2,2084
2015-12-19,Valencia CF,2026,-6,2020,Getafe CF,1859,6,1865
2015-12-19,Deportivo La Coruña,1928,8,1936,SD Eibar,1862,-8,1854
2015-12-19,Espanyol Barcelona,1926,5,1931,UD Las Palmas,1838,-5,1833
2015-12-13,Villarreal CF,1998,16,2014,Real Madrid,2320,-16,2304
2015-12-13,Atlético Madrid,2217,3,2220,Athletic Bilbao,2042,-3,2039
2015-12-13,SD Eibar,1850,2,1852,Valencia CF,2026,-2,2024
2015-12-13,Rayo Vallecano,1874,-13,1861,Málaga CF,1873,13,1886
2015-12-12,FC Barcelona,2359,-9,2350,Deportivo La Coruña,1927,9,1936
2015-12-12,Celta Vigo,2014,5,2019,Espanyol Barcelona,1926,-5,1921
2015-12-12,Sevilla FC,2082,4,2086,Sporting Gijón,1857,-4,1853
2015-12-12,UD Las Palmas,1823,10,1833,Real Betis,1907,-10,1897
2015-12-12,Levante UD,1848,-14,1834,Granada CF,1819,14,1833
2015-12-11,Getafe CF,1849,-1,1848,Real Sociedad,1929,1,1930
2015-12-07,Espanyol Barcelona,1931,-5,1926,Levante UD,1843,5,1848
2015-12-06,Athletic Bilbao,2059,-7,2052,Málaga CF,1866,7,1873
2015-12-06,Villarreal CF,1991,5,1996,Rayo Vallecano,1879,-5,1874
2015-12-06,Real Sociedad,1923,6,1929,SD Eibar,1856,-6,1850
2015-12-06,Sporting Gijón,1847,10,1857,UD Las Palmas,1833,-10,1823
2015-12-05,Valencia CF,2058,6,2064,FC Barcelona,2374,-6,2368
2015-12-05,Real Madrid,2317,1,2318,Getafe CF,1850,-1,1849
2015-12-05,Granada CF,1824,-5,1819,Atlético Madrid,2199,5,2204
2015-12-05,Deportivo La Coruña,1926,1,1927,Sevilla FC,2065,-1,2064
2015-12-05,Real Betis,1907,0,1907,Celta Vigo,2014,0,2014
2015-11-29,SD Eibar,1878,-4,1874,Real Madrid,2311,4,2315
2015-11-29,Sevilla FC,2058,7,2065,Valencia CF,2060,-7,2053
2015-11-29,Rayo Vallecano,1882,-14,1868,Athletic Bilbao,2045,14,2059
2015-11-29,Getafe CF,1843,18,1861,Villarreal CF,2025,-18,2007
2015-11-28,FC Barcelona,2372,2,2374,Real Sociedad,1935,-2,1933
2015-11-28,Atlético Madrid,2197,2,2199,Espanyol Barcelona,1933,-2,1931
2015-11-28,Celta Vigo,2002,4,2006,Sporting Gijón,1860,-4,1856
2015-11-28,UD Las Palmas,1840,-17,1823,Deportivo La Coruña,1902,17,1919
2015-11-28,Málaga CF,1881,-4,1877,Granada CF,1829,4,1833
2015-11-27,Levante UD,1855,-12,1843,Real Betis,1886,12,1898
2015-11-23,Getafe CF,1845,-2,1843,Rayo Vallecano,1880,2,1882
2015-11-22,Real Betis,1891,-5,1886,Atlético Madrid,2188,5,2193
2015-11-22,Villarreal CF,2026,-6,2020,SD Eibar,1872,6,1878
2015-11-22,Granada CF,1808,21,1829,Athletic Bilbao,2055,-21,2034
2015-11-22,Sporting Gijón,1885,-25,1860,Levante UD,1830,25,1855
2015-11-21,Real Madrid,2325,-23,2302,FC Barcelona,2344,23,2367
2015-11-21,Real Sociedad,1917,18,1935,Sevilla FC,2092,-18,2074
2015-11-21,Valencia CF,2087,-8,2079,UD Las Palmas,1832,8,1840
2015-11-21,Deportivo La Coruña,1886,16,1902,Celta Vigo,2018,-16,2002
2015-11-21,Espanyol Barcelona,1923,10,1933,Málaga CF,1891,-10,1881
2015-11-08,Sevilla FC,2078,14,2092,Real Madrid,2339,-14,2325
2015-11-08,FC Barcelona,2341,3,2344,Villarreal CF,2029,-3,2026
2015-11-08,Atlético Madrid,2186,2,2188,Sporting Gijón,1887,-2,1885
2015-11-08,Athletic Bilbao,2051,4,2055,Espanyol Barcelona,1927,-4,1923
2015-11-07,Celta Vigo,2041,-23,2018,Valencia CF,2064,23,2087
2015-11-07,Málaga CF,1904,-13,1891,Real Betis,1878,13,1891
2015-11-07,SD Eibar,1861,11,1872,Getafe CF,1856,-11,1845
2015-11-07,Levante UD,1831,-1,1830,Deportivo La Coruña,1885,1,1886
2015-11-07,Rayo Vallecano,1874,6,1880,Granada CF,1814,-6,1808
2015-11-06,UD Las Palmas,1816,16,1832,Real Sociedad,1933,-16,1917
2015-11-01,Real Betis,1891,-13,1878,Athletic Bilbao,2034,13,2047
2015-11-01,Sporting Gijón,1879,8,1887,Málaga CF,1912,-8,1904
2015-11-01,Espanyol Barcelona,1933,-6,1927,Granada CF,1808,6,1814
2015-11-01,SD Eibar,1853,8,1861,Rayo Vallecano,1882,-8,1874
2015-10-31,Getafe CF,1859,-3,1856,FC Barcelona,2337,3,2340
2015-10-31,Real Madrid,2330,1,2331,UD Las Palmas,1817,-1,1816
2015-10-31,Villarreal CF,2014,10,2024,Sevilla FC,2112,-10,2102
2015-10-31,Real Sociedad,1943,-10,1933,Celta Vigo,2031,10,2041
2015-10-31,Valencia CF,2077,4,2081,Levante UD,1835,-4,1831
2015-10-30,Deportivo La Coruña,1879,6,1885,Atlético Madrid,2203,-6,2197
2015-10-26,Athletic Bilbao,2027,7,2034,Sporting Gijón,1886,-7,1879
2015-10-25,Atlético Madrid,2199,4,2203,Valencia CF,2081,-4,2077
2015-10-25,FC Barcelona,2336,1,2337,SD Eibar,1854,-1,1853
2015-10-25,UD Las Palmas,1814,3,1817,Villarreal CF,2017,-3,2014
2015-10-25,Levante UD,1855,-20,1835,Real Sociedad,1923,20,1943
2015-10-24,Celta Vigo,2039,-8,2031,Real Madrid,2322,8,2330
2015-10-24,Sevilla FC,2107,5,2112,Getafe CF,1864,-5,1859
2015-10-24,Málaga CF,1902,10,1912,Deportivo La Coruña,1889,-10,1879
2015-10-24,Granada CF,1809,-1,1808,Real Betis,1890,1,1891
2015-10-23,Rayo Vallecano,1865,17,1882,Espanyol Barcelona,1950,-17,1933
2015-10-19,Sporting Gijón,1891,-5,1886,Granada CF,1804,5,1809
2015-10-18,Real Sociedad,1932,-9,1923,Atlético Madrid,2188,9,2197
2015-10-18,Villarreal CF,2026,-13,2013,Celta Vigo,2026,13,2039
2015-10-18,Deportivo La Coruña,1888,1,1889,Athletic Bilbao,2016,-1,2015
2015-10-18,Getafe CF,1852,12,1864,UD Las Palmas,1826,-12,1814
2015-10-17,FC Barcelona,2331,1,2332,Rayo Vallecano,1866,-1,1865
2015-10-17,Real Madrid,2320,1,2321,Levante UD,1856,-1,1855
2015-10-17,Valencia CF,2069,6,2075,Málaga CF,1908,-6,1902
2015-10-17,SD Eibar,1849,5,1854,Sevilla FC,2121,-5,2116
2015-10-17,Real Betis,1908,-18,1890,Espanyol Barcelona,1932,18,1950
2015-10-04,Atlético Madrid,2187,1,2188,Real Madrid,2321,-1,2320
2015-10-04,Athletic Bilbao,2002,14,2016,Valencia CF,2083,-14,2069
2015-10-04,Levante UD,1843,13,1856,Villarreal CF,2039,-13,2026
2015-10-04,Rayo Vallecano,1885,-19,1866,Real Betis,1889,19,1908
2015-10-03,Sevilla FC,2107,14,2121,FC Barcelona,2345,-14,2331
2015-10-03,Málaga CF,1895,13,1908,Real Sociedad,1945,-13,1932
2015-10-03,Espanyol Barcelona,1947,-15,1932,Sporting Gijón,1876,15,1891
2015-10-03,Granada CF,1805,-1,1804,Deportivo La Coruña,1887,1,1888
2015-10-03,UD Las Palmas,1846,-20,1826,SD Eibar,1829,20,1849
2015-10-02,Celta Vigo,2033,-7,2026,Getafe CF,1845,7,1852
2015-09-27,Real Sociedad,1946,-1,1945,Athletic Bilbao,2018,1,2019
2015-09-27,Deportivo La Coruña,1870,17,1887,Espanyol Barcelona,1964,-17,1947
2015-09-27,Sporting Gijón,1889,-13,1876,Real Betis,1876,13,1889
2015-09-27,Getafe CF,1831,14,1845,Levante UD,1857,-14,1843
2015-09-26,Villarreal CF,2019,13,2032,Atlético Madrid,2224,-13,2211
2015-09-26,Real Madrid,2325,-9,2316,Málaga CF,1886,9,1895
2015-09-26,FC Barcelona,2340,1,2341,UD Las Palmas,1847,-1,1846
2015-09-26,Sevilla FC,2115,3,2118,Rayo Vallecano,1888,-3,1885
2015-09-26,SD Eibar,1826,3,1829,Celta Vigo,2036,-3,2033
2015-09-25,Valencia CF,2065,2,2067,Granada CF,1807,-2,1805
2015-09-24,Real Betis,1890,-14,1876,Deportivo La Coruña,1856,14,1870
2015-09-23,Celta Vigo,2007,29,2036,FC Barcelona,2369,-29,2340
2015-09-23,Athletic Bilbao,2023,-5,2018,Real Madrid,2320,5,2325
2015-09-23,UD Las Palmas,1824,23,1847,Sevilla FC,2138,-23,2115
2015-09-23,Málaga CF,1896,-10,1886,Villarreal CF,2009,10,2019
2015-09-23,Rayo Vallecano,1880,8,1888,Sporting Gijón,1897,-8,1889
2015-09-23,Levante UD,1861,-4,1857,SD Eibar,1822,4,1826
2015-09-22,Atlético Madrid,2222,2,2224,Getafe CF,1833,-2,1831
2015-09-22,Espanyol Barcelona,1953,11,1964,Valencia CF,2076,-11,2065
2015-09-22,Granada CF,1824,-17,1807,Real Sociedad,1929,17,1946
2015-09-20,FC Barcelona,2368,1,2369,Levante UD,1862,-1,1861
2015-09-20,Sevilla FC,2154,-16,2138,Celta Vigo,1991,16,2007
2015-09-20,Villarreal CF,1997,12,2009,Athletic Bilbao,2035,-12,2023
2015-09-20,Deportivo La Coruña,1868,-12,1856,Sporting Gijón,1885,12,1897
2015-09-20,UD Las Palmas,1836,-12,1824,Rayo Vallecano,1868,12,1880
2015-09-19,Real Madrid,2319,1,2320,Granada CF,1825,-1,1824
2015-09-19,SD Eibar,1827,-5,1822,Atlético Madrid,2217,5,2222
2015-09-19,Valencia CF,2083,-7,2076,Real Betis,1883,7,1890
2015-09-19,Real Sociedad,1942,-13,1929,Espanyol Barcelona,1940,13,1953
2015-09-18,Getafe CF,1824,9,1833,Málaga CF,1905,-9,1896
2015-09-14,Rayo Vallecano,1889,-21,1868,Deportivo La Coruña,1847,21,1868
2015-09-13,Athletic Bilbao,2022,5,2027,Getafe CF,1829,-5,1824
2015-09-13,Granada CF,1837,-12,1825,Villarreal CF,2000,12,2012
2015-09-13,Celta Vigo,1997,-6,1991,UD Las Palmas,1830,6,1836
2015-09-13,Málaga CF,1910,-5,1905,SD Eibar,1822,5,1827
2015-09-12,Atlético Madrid,2215,-8,2207,FC Barcelona,2369,8,2377
2015-09-12,Espanyol Barcelona,1948,-8,1940,Real Madrid,2305,8,2313
2015-09-12,Sporting Gijón,1892,-7,1885,Valencia CF,2099,7,2106
2015-09-12,Real Betis,1874,9,1883,Real Sociedad,1951,-9,1942
2015-09-11,Levante UD,1857,5,1862,Sevilla FC,2148,-5,2143
2015-08-30,Sevilla FC,2169,-21,2148,Atlético Madrid,2194,21,2215
2015-08-30,Valencia CF,2107,-8,2099,Deportivo La Coruña,1839,8,1847
2015-08-30,SD Eibar,1801,21,1822,Athletic Bilbao,2043,-21,2022
2015-08-30,UD Las Palmas,1832,-2,1830,Levante UD,1855,2,1857
2015-08-30,Getafe CF,1842,-13,1829,Granada CF,1824,13,1837
2015-08-29,FC Barcelona,2368,1,2369,Málaga CF,1911,-1,1910
2015-08-29,Real Madrid,2303,2,2305,Real Betis,1876,-2,1874
2015-08-29,Celta Vigo,1988,9,1997,Rayo Vallecano,1898,-9,1889
2015-08-29,Real Sociedad,1955,-4,1951,Sporting Gijón,1888,4,1892
2015-08-28,Villarreal CF,1990,10,2000,Espanyol Barcelona,1958,-10,1948
2015-08-24,Granada CF,1846,-22,1824,SD Eibar,1779,22,1801
2015-08-23,Athletic Bilbao,2045,-4,2041,FC Barcelona,2364,4,2368
2015-08-23,Sporting Gijón,1881,7,1888,Real Madrid,2310,-7,2303
2015-08-23,Real Betis,1876,0,1876,Villarreal CF,1990,0,1990
2015-08-23,Levante UD,1865,-10,1855,Celta Vigo,1978,10,1988
2015-08-22,Atlético Madrid,2193,1,2194,UD Las Palmas,1833,-1,1832
2015-08-22,Rayo Vallecano,1895,3,1898,Valencia CF,2121,-3,2118
2015-08-22,Espanyol Barcelona,1953,5,1958,Getafe CF,1847,-5,1842
2015-08-22,Deportivo La Coruña,1839,0,1839,Real Sociedad,1955,0,1955
2015-08-21,Málaga CF,1907,4,1911,Sevilla FC,2173,-4,2169
2017-05-21,Málaga CF,1939,-4,1935,Real Madrid,2358,4,2362
2017-05-21,Atlético Madrid,2221,5,2226,Athletic Bilbao,2051,-5,2046
2017-05-21,FC Barcelona,2305,2,2307,SD Eibar,1953,-2,1951
2017-05-21,Valencia CF,1953,-16,1937,Villarreal CF,2032,16,2048
2017-05-21,Celta Vigo,1963,-2,1961,Real Sociedad,2008,2,2010
2017-05-20,Sevilla FC,2063,3,2066,CA Osasuna,1745,-3,1742
2017-05-20,CD Leganés,1828,1,1829,CD Alavés,1972,-1,1971
2017-05-20,Deportivo La Coruña,1853,13,1866,UD Las Palmas,1869,-13,1856
2017-05-20,Sporting Gijón,1825,-2,1823,Real Betis,1854,2,1856
2017-05-19,Granada CF,1746,-7,1739,Espanyol Barcelona,1943,7,1950
2017-05-17,Celta Vigo,1969,-6,1963,Real Madrid,2352,6,2358
2017-05-14,Real Madrid,2348,4,2352,Sevilla FC,2067,-4,2063
2017-05-14,UD Las Palmas,1874,-5,1869,FC Barcelona,2300,5,2305
2017-05-14,Real Betis,1847,7,1854,Atlético Madrid,2228,-7,2221
2017-05-14,Real Sociedad,2013,-5,2008,Málaga CF,1934,5,1939
2017-05-14,CD Alavés,1960,12,1972,Celta Vigo,1981,-12,1969
2017-05-14,Villarreal CF,2039,-7,2032,Deportivo La Coruña,1846,7,1853
2017-05-14,Athletic Bilbao,2058,-7,2051,CD Leganés,1821,7,1828
2017-05-14,SD Eibar,1969,-16,1953,Sporting Gijón,1809,16,1825
2017-05-13,Espanyol Barcelona,1956,-13,1943,Valencia CF,1940,13,1953
2017-05-13,CA Osasuna,1737,8,1745,Granada CF,1754,-8,1746
2017-05-08,CD Leganés,1804,17,1821,Real Betis,1864,-17,1847
2017-05-07,CD Alavés,1949,11,1960,Athletic Bilbao,2069,-11,2058
2017-05-07,Málaga CF,1918,16,1934,Celta Vigo,1989,-16,1973
2017-05-07,Deportivo La Coruña,1856,-10,1846,Espanyol Barcelona,1946,10,1956
2017-05-07,Valencia CF,1935,5,1940,CA Osasuna,1742,-5,1737
2017-05-06,FC Barcelona,2296,4,2300,Villarreal CF,2043,-4,2039
2017-05-06,Atlético Madrid,2208,3,2211,SD Eibar,1972,-3,1969
2017-05-06,Granada CF,1756,-2,1754,Real Madrid,2363,2,2365
2017-05-06,Sporting Gijón,1799,10,1809,UD Las Palmas,1884,-10,1874
2017-05-05,Sevilla FC,2071,-4,2067,Real Sociedad,2009,4,2013
2017-05-01,Málaga CF,1899,19,1918,Sevilla FC,2090,-19,2071
2017-04-30,Celta Vigo,2020,-21,1999,Athletic Bilbao,2048,21,2069
2017-04-30,Real Betis,1884,-20,1864,CD Alavés,1929,20,1949
2017-04-30,SD Eibar,1966,6,1972,CD Leganés,1810,-6,1804
2017-04-30,CA Osasuna,1742,0,1742,Deportivo La Coruña,1856,0,1856
2017-04-29,Real Madrid,2351,1,2352,Valencia CF,1936,-1,1935
2017-04-29,Espanyol Barcelona,1953,-7,1946,FC Barcelona,2289,7,2296
2017-04-29,UD Las Palmas,1893,-9,1884,Atlético Madrid,2210,9,2219
2017-04-29,Real Sociedad,2007,2,2009,Granada CF,1758,-2,1756
2017-04-28,Villarreal CF,2039,4,2043,Sporting Gijón,1803,-4,1799
2017-04-27,Sevilla FC,2084,6,2090,Celta Vigo,2026,-6,2020
2017-04-27,Athletic Bilbao,2044,4,2048,Real Betis,1888,-4,1884
2017-04-27,CD Alavés,1931,-2,1929,SD Eibar,1964,2,1966
2017-04-26,Deportivo La Coruña,1860,-4,1856,Real Madrid,2347,4,2351
2017-04-26,FC Barcelona,2288,1,2289,CA Osasuna,1743,-1,1742
2017-04-26,Valencia CF,1947,-11,1936,Real Sociedad,1996,11,2007
2017-04-26,CD Leganés,1791,19,1810,UD Las Palmas,1912,-19,1893
2017-04-25,Atlético Madrid,2227,-17,2210,Villarreal CF,2022,17,2039
2017-04-25,Sporting Gijón,1802,1,1803,Espanyol Barcelona,1954,-1,1953
2017-04-25,Granada CF,1772,-14,1758,Málaga CF,1885,14,1899
2017-04-24,SD Eibar,1975,-11,1964,Athletic Bilbao,2033,11,2044
2017-04-23,Real Madrid,2362,-15,2347,FC Barcelona,2273,15,2288
2017-04-23,Celta Vigo,2043,-17,2026,Real Betis,1871,17,1888
2017-04-23,Real Sociedad,1992,4,1996,Deportivo La Coruña,1864,-4,1860
2017-04-23,UD Las Palmas,1914,-2,1912,CD Alavés,1929,2,1931
2017-04-22,Espanyol Barcelona,1960,-6,1954,Atlético Madrid,2221,6,2227
2017-04-22,Málaga CF,1870,15,1885,Valencia CF,1962,-15,1947
2017-04-22,Villarreal CF,2019,3,2022,CD Leganés,1794,-3,1791
2017-04-22,CA Osasuna,1744,-1,1743,Sporting Gijón,1801,1,1802
2017-04-21,Sevilla FC,2081,3,2084,Granada CF,1775,-3,1772
2017-04-17,CD Alavés,1919,10,1929,Villarreal CF,2029,-10,2019
2017-04-16,Valencia CF,1961,1,1962,Sevilla FC,2082,-1,2081
2017-04-16,Real Betis,1854,17,1871,SD Eibar,1992,-17,1975
2017-04-16,Granada CF,1786,-11,1775,Celta Vigo,2033,11,2044
2017-04-16,CD Leganés,1803,-9,1794,Espanyol Barcelona,1951,9,1960
2017-04-15,FC Barcelona,2274,2,2276,Real Sociedad,1994,-2,1992
2017-04-15,Sporting Gijón,1802,-1,1801,Real Madrid,2347,1,2348
2017-04-15,Atlético Madrid,2226,1,2227,CA Osasuna,1745,-1,1744
2017-04-15,Deportivo La Coruña,1852,12,1864,Málaga CF,1882,-12,1870
2017-04-14,Athletic Bilbao,2024,9,2033,UD Las Palmas,1923,-9,1914
2017-04-10,Real Sociedad,1989,5,1994,Sporting Gijón,1807,-5,1802
2017-04-09,Celta Vigo,2049,-22,2027,SD Eibar,1970,22,1992
2017-04-09,UD Las Palmas,1912,11,1923,Real Betis,1865,-11,1854
2017-04-09,Granada CF,1799,-13,1786,Valencia CF,1948,13,1961
2017-04-09,CA Osasuna,1736,9,1745,CD Leganés,1812,-9,1803
2017-04-08,Real Madrid,2333,-6,2327,Atlético Madrid,2216,6,2222
2017-04-08,Málaga CF,1855,27,1882,FC Barcelona,2322,-27,2295
2017-04-08,Sevilla FC,2078,4,2082,Deportivo La Coruña,1856,-4,1852
2017-04-08,Espanyol Barcelona,1944,7,1951,CD Alavés,1926,-7,1919
2017-04-07,Villarreal CF,2017,12,2029,Athletic Bilbao,2036,-12,2024
2017-04-06,Valencia CF,1937,11,1948,Celta Vigo,2060,-11,2049
2017-04-06,SD Eibar,1961,9,1970,UD Las Palmas,1921,-9,1912
2017-04-05,FC Barcelona,2318,4,2322,Sevilla FC,2082,-4,2078
2017-04-05,CD Leganés,1814,-2,1812,Real Madrid,2331,2,2333
2017-04-05,CD Alavés,1943,-17,1926,CA Osasuna,1719,17,1736
2017-04-05,Sporting Gijón,1819,-12,1807,Málaga CF,1843,12,1855
2017-04-05,Deportivo La Coruña,1860,-4,1856,Granada CF,1795,4,1799
2017-04-04,Atlético Madrid,2213,3,2216,Real Sociedad,1992,-3,1989
2017-04-04,Athletic Bilbao,2028,8,2036,Espanyol Barcelona,1952,-8,1944
2017-04-04,Real Betis,1874,-9,1865,Villarreal CF,2008,9,2017
2017-04-03,Celta Vigo,2054,6,2060,UD Las Palmas,1927,-6,1921
2017-04-02,Real Madrid,2329,2,2331,CD Alavés,1945,-2,1943
2017-04-02,Granada CF,1798,-3,1795,FC Barcelona,2315,3,2318
2017-04-02,Sevilla FC,2090,-8,2082,Sporting Gijón,1811,8,1819
2017-04-02,Valencia CF,1927,10,1937,Deportivo La Coruña,1870,-10,1860
2017-04-01,Málaga CF,1848,-5,1843,Atlético Madrid,2208,5,2213
2017-04-01,Villarreal CF,2023,-15,2008,SD Eibar,1946,15,1961
2017-04-01,Real Sociedad,1999,-7,1992,CD Leganés,1807,7,1814
2017-04-01,CA Osasuna,1724,-5,1719,Athletic Bilbao,2023,5,2028
2017-03-31,Espanyol Barcelona,1946,6,1952,Real Betis,1880,-6,1874
2017-03-19,Atlético Madrid,2201,7,2208,Sevilla FC,2097,-7,2090
2017-03-19,FC Barcelona,2313,2,2315,Valencia CF,1929,-2,1927
2017-03-19,Deportivo La Coruña,1878,-8,1870,Celta Vigo,2046,8,2054
2017-03-19,CD Leganés,1809,-2,1807,Málaga CF,1846,2,1848
2017-03-19,Sporting Gijón,1800,11,1811,Granada CF,1809,-11,1798
2017-03-18,Athletic Bilbao,2028,-5,2023,Real Madrid,2324,5,2329
2017-03-18,CD Alavés,1936,9,1945,Real Sociedad,2008,-9,1999
2017-03-18,SD Eibar,1949,-3,1946,Espanyol Barcelona,1943,3,1946
2017-03-18,Real Betis,1874,6,1880,CA Osasuna,1730,-6,1724
2017-03-17,UD Las Palmas,1916,11,1927,Villarreal CF,2034,-11,2023
2017-03-13,CA Osasuna,1726,4,1730,SD Eibar,1953,-4,1949
2017-03-12,Real Madrid,2323,1,2324,Real Betis,1875,-1,1874
2017-03-12,Deportivo La Coruña,1860,18,1878,FC Barcelona,2331,-18,2313
2017-03-12,Celta Vigo,2040,-13,2027,Villarreal CF,2021,13,2034
2017-03-12,Real Sociedad,2028,-20,2008,Athletic Bilbao,2008,20,2028
2017-03-11,Granada CF,1812,-3,1809,Atlético Madrid,2209,3,2212
2017-03-11,Sevilla FC,2132,-8,2124,CD Leganés,1801,8,1809
2017-03-11,Málaga CF,1857,-11,1846,CD Alavés,1925,11,1936
2017-03-11,Valencia CF,1935,-6,1929,Sporting Gijón,1794,6,1800
2017-03-10,Espanyol Barcelona,1936,7,1943,UD Las Palmas,1923,-7,1916
2017-03-08,Deportivo La Coruña,1863,-3,1860,Real Betis,1872,3,1875
2017-03-06,CD Alavés,1922,3,1925,Sevilla FC,2135,-3,2132
2017-03-05,Atlético Madrid,2205,4,2209,Valencia CF,1939,-4,1935
2017-03-05,Athletic Bilbao,2004,4,2008,Málaga CF,1861,-4,1857
2017-03-05,Sporting Gijón,1806,-12,1794,Deportivo La Coruña,1851,12,1863
2017-03-05,UD Las Palmas,1917,6,1923,CA Osasuna,1732,-6,1726
2017-03-04,FC Barcelona,2310,4,2314,Celta Vigo,2038,-4,2034
2017-03-04,SD Eibar,1960,-7,1953,Real Madrid,2298,7,2305
2017-03-04,Villarreal CF,2013,8,2021,Espanyol Barcelona,1944,-8,1936
2017-03-04,CD Leganés,1793,8,1801,Granada CF,1820,-8,1812
2017-03-03,Real Betis,1881,-9,1872,Real Sociedad,2019,9,2028
2017-03-02,Sevilla FC,2131,4,2135,Athletic Bilbao,2008,-4,2004
2017-03-02,Deportivo La Coruña,1845,6,1851,Atlético Madrid,2211,-6,2205
2017-03-01,Real Madrid,2307,-9,2298,UD Las Palmas,1908,9,1917
2017-03-01,FC Barcelona,2309,1,2310,Sporting Gijón,1807,-1,1806
2017-03-01,Celta Vigo,2043,-5,2038,Espanyol Barcelona,1939,5,1944
2017-03-01,CA Osasuna,1742,-10,1732,Villarreal CF,2003,10,2013
2017-03-01,Granada CF,1809,11,1820,CD Alavés,1933,-11,1922
2017-02-28,Real Sociedad,2023,-4,2019,SD Eibar,1956,4,1960
2017-02-28,Málaga CF,1874,-13,1861,Real Betis,1868,13,1881
2017-02-28,Valencia CF,1935,4,1939,CD Leganés,1797,-4,1793
2017-02-26,Atlético Madrid,2222,-11,2211,FC Barcelona,2298,11,2309
2017-02-26,Villarreal CF,2008,-5,2003,Real Madrid,2302,5,2307
2017-02-26,Sporting Gijón,1803,4,1807,Celta Vigo,2047,-4,2043
2017-02-26,Athletic Bilbao,2003,5,2008,Granada CF,1814,-5,1809
2017-02-26,Espanyol Barcelona,1933,6,1939,CA Osasuna,1748,-6,1742
2017-02-25,Real Betis,1874,-6,1868,Sevilla FC,2125,6,2131
2017-02-25,CD Alavés,1925,8,1933,Valencia CF,1943,-8,1935
2017-02-25,SD Eibar,1946,10,1956,Málaga CF,1884,-10,1874
2017-02-25,CD Leganés,1779,18,1797,Deportivo La Coruña,1863,-18,1845
2017-02-24,UD Las Palmas,1918,-10,1908,Real Sociedad,2013,10,2023
2017-02-22,Valencia CF,1926,17,1943,Real Madrid,2319,-17,2302
2017-02-20,Málaga CF,1875,9,1884,UD Las Palmas,1927,-9,1918
2017-02-19,FC Barcelona,2297,1,2298,CD Leganés,1780,-1,1779
2017-02-19,Real Sociedad,2027,-14,2013,Villarreal CF,1974,14,1988
2017-02-19,Valencia CF,1910,16,1926,Athletic Bilbao,2043,-16,2027
2017-02-19,Celta Vigo,2014,4,2018,CA Osasuna,1752,-4,1748
2017-02-18,Real Madrid,2317,2,2319,Espanyol Barcelona,1935,-2,1933
2017-02-18,Sevilla FC,2115,5,2120,SD Eibar,1951,-5,1946
2017-02-18,Sporting Gijón,1809,-6,1803,Atlético Madrid,2197,6,2203
2017-02-18,Deportivo La Coruña,1875,-12,1863,CD Alavés,1913,12,1925
2017-02-17,Granada CF,1797,17,1814,Real Betis,1891,-17,1874
2017-02-13,SD Eibar,1943,8,1951,Granada CF,1805,-8,1797
2017-02-12,Atlético Madrid,2193,4,2197,Celta Vigo,2030,-4,2026
2017-02-12,UD Las Palmas,1935,-8,1927,Sevilla FC,2107,8,2115
2017-02-12,Villarreal CF,2002,-6,1996,Málaga CF,1869,6,1875
2017-02-12,CD Leganés,1800,-20,1780,Sporting Gijón,1789,20,1809
2017-02-11,CD Alavés,1919,-6,1913,FC Barcelona,2320,6,2326
2017-02-11,CA Osasuna,1754,-2,1752,Real Madrid,2307,2,2309
2017-02-11,Athletic Bilbao,2036,4,2040,Deportivo La Coruña,1879,-4,1875
2017-02-11,Real Betis,1893,-2,1891,Valencia CF,1908,2,1910
2017-02-10,Espanyol Barcelona,1946,-11,1935,Real Sociedad,2016,11,2027
2017-02-06,Granada CF,1793,12,1805,UD Las Palmas,1947,-12,1935
2017-02-05,Sevilla FC,2113,-6,2107,Villarreal CF,1996,6,2002
2017-02-05,Real Sociedad,2014,2,2016,CA Osasuna,1756,-2,1754
2017-02-05,Sporting Gijón,1805,-16,1789,CD Alavés,1892,16,1908
2017-02-04,FC Barcelona,2323,3,2326,Athletic Bilbao,2039,-3,2036
2017-02-04,Atlético Madrid,2185,2,2187,CD Leganés,1802,-2,1800
2017-02-04,Valencia CF,1933,-25,1908,SD Eibar,1918,25,1943
2017-02-04,Málaga CF,1880,-11,1869,Espanyol Barcelona,1935,11,1946
2017-01-30,UD Las Palmas,1936,11,1947,Valencia CF,1944,-11,1933
2017-01-29,Real Madrid,2304,3,2307,Real Sociedad,2017,-3,2014
2017-01-29,Real Betis,1886,7,1893,FC Barcelona,2321,-7,2314
2017-01-29,Espanyol Barcelona,1915,20,1935,Sevilla FC,2133,-20,2113
2017-01-29,Athletic Bilbao,2036,3,2039,Sporting Gijón,1808,-3,1805
2017-01-28,CD Alavés,1880,6,1886,Atlético Madrid,2200,-6,2194
2017-01-28,CD Leganés,1812,-10,1802,Celta Vigo,2037,10,2047
2017-01-28,SD Eibar,1908,10,1918,Deportivo La Coruña,1889,-10,1879
2017-01-28,Villarreal CF,1991,5,1996,Granada CF,1798,-5,1793
2017-01-27,CA Osasuna,1755,1,1756,Málaga CF,1881,-1,1880
2017-01-22,Athletic Bilbao,2034,2,2036,Atlético Madrid,2207,-2,2205
2017-01-22,SD Eibar,1909,-6,1903,FC Barcelona,2312,6,2318
2017-01-22,Real Sociedad,2012,8,2020,Celta Vigo,2040,-8,2032
2017-01-22,CA Osasuna,1758,-3,1755,Sevilla FC,2130,3,2133
2017-01-22,Real Betis,1891,-5,1886,Sporting Gijón,1803,5,1808
2017-01-21,Real Madrid,2308,1,2309,Málaga CF,1882,-1,1881
2017-01-21,Villarreal CF,2014,-23,1991,Valencia CF,1921,23,1944
2017-01-21,Espanyol Barcelona,1908,7,1915,Granada CF,1805,-7,1798
2017-01-21,CD Alavés,1891,-5,1886,CD Leganés,1807,5,1812
2017-01-20,UD Las Palmas,1940,-4,1936,Deportivo La Coruña,1885,4,1889
2017-01-16,Málaga CF,1897,-15,1882,Real Sociedad,2002,15,2017
2017-01-15,Sevilla FC,2117,13,2130,Real Madrid,2339,-13,2326
2017-01-15,Celta Vigo,2018,4,2022,CD Alavés,1882,-4,1878
2017-01-15,Valencia CF,1914,7,1921,Espanyol Barcelona,1915,-7,1908
2017-01-15,Sporting Gijón,1813,-10,1803,SD Eibar,1902,10,1912
2017-01-15,Granada CF,1809,-4,1805,CA Osasuna,1754,4,1758
2017-01-14,FC Barcelona,2304,3,2307,UD Las Palmas,1943,-3,1940
2017-01-14,Atlético Madrid,2202,2,2204,Real Betis,1893,-2,1891
2017-01-14,Deportivo La Coruña,1884,1,1885,Villarreal CF,2015,-1,2014
2017-01-14,CD Leganés,1803,4,1807,Athletic Bilbao,2038,-4,2034
2017-01-09,CA Osasuna,1746,2,1748,Valencia CF,1921,-2,1919
2017-01-08,Villarreal CF,2013,5,2018,FC Barcelona,2306,-5,2301
2017-01-08,Athletic Bilbao,2048,-7,2041,CD Alavés,1878,7,1885
2017-01-08,Celta Vigo,2006,7,2013,Málaga CF,1904,-7,1897
2017-01-08,Real Betis,1885,8,1893,CD Leganés,1811,-8,1803
2017-01-07,Real Madrid,2342,1,2343,Granada CF,1810,-1,1809
2017-01-07,SD Eibar,1915,-7,1908,Atlético Madrid,2213,7,2220
2017-01-07,Real Sociedad,2019,-20,1999,Sevilla FC,2093,20,2113
2017-01-07,UD Las Palmas,1920,5,1925,Sporting Gijón,1818,-5,1813
2017-01-06,Espanyol Barcelona,1919,-4,1915,Deportivo La Coruña,1877,4,1881
2016-12-19,Athletic Bilbao,2024,6,2030,Celta Vigo,1991,-6,1985
2016-12-18,FC Barcelona,2318,2,2320,Espanyol Barcelona,1928,-2,1926
2016-12-18,CD Leganés,1816,-1,1815,SD Eibar,1890,1,1891
2016-12-18,Deportivo La Coruña,1861,7,1868,CA Osasuna,1755,-7,1748
2016-12-17,Atlético Madrid,2203,2,2205,UD Las Palmas,1927,-2,1925
2016-12-17,Sevilla FC,2091,6,2097,Málaga CF,1927,-6,1921
2016-12-17,Sporting Gijón,1837,-11,1826,Villarreal CF,2022,11,2033
2016-12-17,Granada CF,1836,-12,1824,Real Sociedad,2004,12,2016
2016-12-16,CD Alavés,1861,8,1869,Real Betis,1905,-8,1897
2016-12-12,Villarreal CF,1998,24,2022,Atlético Madrid,2227,-24,2203
2016-12-11,Celta Vigo,2011,-20,1991,Sevilla FC,2071,20,2091
2016-12-11,Real Betis,1894,11,1905,Athletic Bilbao,2035,-11,2024
2016-12-11,Espanyol Barcelona,1923,5,1928,Sporting Gijón,1842,-5,1837
2016-12-11,SD Eibar,1894,-4,1890,CD Alavés,1857,4,1861
2016-12-10,Real Madrid,2337,1,2338,Deportivo La Coruña,1862,-1,1861
2016-12-10,CA Osasuna,1757,-2,1755,FC Barcelona,2316,2,2318
2016-12-10,Real Sociedad,1998,6,2004,Valencia CF,1943,-6,1937
2016-12-10,UD Las Palmas,1933,-6,1927,CD Leganés,1810,6,1816
2016-12-09,Málaga CF,1932,-5,1927,Granada CF,1831,5,1836
2016-12-05,Deportivo La Coruña,1839,23,1862,Real Sociedad,2021,-23,1998
2016-12-04,Athletic Bilbao,2035,6,2041,SD Eibar,1900,-6,1894
2016-12-04,Real Betis,1894,0,1894,Celta Vigo,1998,0,1998
2016-12-04,Valencia CF,1946,-3,1943,Málaga CF,1929,3,1932
2016-12-04,CD Alavés,1858,-1,1857,UD Las Palmas,1932,1,1933
2016-12-04,Sporting Gijón,1834,8,1842,CA Osasuna,1765,-8,1757
2016-12-03,FC Barcelona,2313,-2,2311,Real Madrid,2345,2,2347
2016-12-03,Atlético Madrid,2244,-8,2236,Espanyol Barcelona,1915,8,1923
2016-12-03,Granada CF,1817,14,1831,Sevilla FC,2084,-14,2070
2016-12-03,CD Leganés,1808,2,1810,Villarreal CF,1995,-2,1993
2016-11-28,UD Las Palmas,1919,16,1935,Athletic Bilbao,2047,-16,2031
2016-11-27,Real Sociedad,2007,6,2013,FC Barcelona,2328,-6,2322
2016-11-27,CA Osasuna,1775,-4,1771,Atlético Madrid,2240,4,2244
2016-11-27,Villarreal CF,2012,-25,1987,CD Alavés,1816,25,1841
2016-11-27,Celta Vigo,1989,5,1994,Granada CF,1816,-5,1811
2016-11-26,Real Madrid,2344,1,2345,Sporting Gijón,1847,-1,1846
2016-11-26,Sevilla FC,2080,4,2084,Valencia CF,1935,-4,1931
2016-11-26,Málaga CF,1945,5,1950,Deportivo La Coruña,1850,-5,1845
2016-11-26,Espanyol Barcelona,1908,9,1917,CD Leganés,1832,-9,1823
2016-11-25,SD Eibar,1876,12,1888,Real Betis,1900,-12,1888
2016-11-21,CD Leganés,1823,9,1832,CA Osasuna,1784,-9,1775
2016-11-20,Athletic Bilbao,2035,7,2042,Villarreal CF,2022,-7,2015
2016-11-20,Sporting Gijón,1861,-14,1847,Real Sociedad,1993,14,2007
2016-11-20,Valencia CF,1941,-6,1935,Granada CF,1810,6,1816
2016-11-20,CD Alavés,1827,-11,1816,Espanyol Barcelona,1897,11,1908
2016-11-19,Atlético Madrid,2253,-19,2234,Real Madrid,2319,19,2338
2016-11-19,FC Barcelona,2330,-9,2321,Málaga CF,1936,9,1945
2016-11-19,Deportivo La Coruña,1856,-6,1850,Sevilla FC,2094,6,2100
2016-11-19,SD Eibar,1865,11,1876,Celta Vigo,2009,-11,1998
2016-11-18,Real Betis,1887,13,1900,UD Las Palmas,1932,-13,1919
2016-11-06,Sevilla FC,2101,-7,2094,FC Barcelona,2323,7,2330
2016-11-06,Real Madrid,2318,1,2319,CD Leganés,1824,-1,1823
2016-11-06,Celta Vigo,2003,6,2009,Valencia CF,1947,-6,1941
2016-11-06,Espanyol Barcelona,1896,1,1897,Athletic Bilbao,2036,-1,2035
2016-11-06,Villarreal CF,2015,7,2022,Real Betis,1894,-7,1887
2016-11-05,Real Sociedad,1970,23,1993,Atlético Madrid,2276,-23,2253
2016-11-05,UD Las Palmas,1926,6,1932,SD Eibar,1871,-6,1865
2016-11-05,Granada CF,1812,-2,1810,Deportivo La Coruña,1854,2,1856
2016-11-05,CA Osasuna,1796,-12,1784,CD Alavés,1815,12,1827
2016-11-04,Málaga CF,1930,6,1936,Sporting Gijón,1867,-6,1861
2016-10-31,Deportivo La Coruña,1854,0,1854,Valencia CF,1947,0,1947
2016-10-30,UD Las Palmas,1926,0,1926,Celta Vigo,2012,0,2012
2016-10-30,SD Eibar,1858,13,1871,Villarreal CF,2050,-13,2037
2016-10-30,Athletic Bilbao,2038,-8,2030,CA Osasuna,1788,8,1796
2016-10-30,Real Betis,1907,-13,1894,Espanyol Barcelona,1883,13,1896
2016-10-29,Atlético Madrid,2272,2,2274,Málaga CF,1932,-2,1930
2016-10-29,FC Barcelona,2351,0,2351,Granada CF,1812,0,1812
2016-10-29,CD Alavés,1818,-3,1815,Real Madrid,2328,3,2331
2016-10-29,Sporting Gijón,1863,4,1867,Sevilla FC,2096,-4,2092
2016-10-28,CD Leganés,1838,-14,1824,Real Sociedad,1956,14,1970
2016-10-23,Sevilla FC,2083,13,2096,Atlético Madrid,2285,-13,2272
2016-10-23,Real Madrid,2325,2,2327,Athletic Bilbao,2040,-2,2038
2016-10-23,Villarreal CF,2045,5,2050,UD Las Palmas,1931,-5,1926
2016-10-23,Celta Vigo,2005,7,2012,Deportivo La Coruña,1861,-7,1854
2016-10-23,Málaga CF,1922,10,1932,CD Leganés,1848,-10,1838
2016-10-22,Valencia CF,1950,-3,1947,FC Barcelona,2348,3,2351
2016-10-22,Real Sociedad,1948,8,1956,CD Alavés,1826,-8,1818
2016-10-22,Espanyol Barcelona,1887,-4,1883,SD Eibar,1854,4,1858
2016-10-22,Granada CF,1813,-1,1812,Sporting Gijón,1862,1,1863
2016-10-21,CA Osasuna,1798,-10,1788,Real Betis,1897,10,1907
2016-10-17,SD Eibar,1869,-15,1854,CA Osasuna,1783,15,1798
2016-10-16,Villarreal CF,2036,14,2050,Celta Vigo,2023,-14,2009
2016-10-16,Athletic Bilbao,2061,5,2066,Real Sociedad,1953,-5,1948
2016-10-16,Sporting Gijón,1873,-11,1862,Valencia CF,1939,11,1950
2016-10-16,CD Alavés,1826,0,1826,Málaga CF,1922,0,1922
2016-10-15,Real Betis,1903,-6,1897,Real Madrid,2318,6,2324
2016-10-15,FC Barcelona,2337,1,2338,Deportivo La Coruña,1862,-1,1861
2016-10-15,Atlético Madrid,2277,2,2279,Granada CF,1815,-2,1813
2016-10-15,CD Leganés,1855,-7,1848,Sevilla FC,2063,7,2070
2016-10-14,UD Las Palmas,1935,-4,1931,Espanyol Barcelona,1883,4,1887
2016-10-02,Celta Vigo,2007,16,2023,FC Barcelona,2353,-16,2337
2016-10-02,Valencia CF,1945,-6,1939,Atlético Madrid,2271,6,2277
2016-10-02,Real Madrid,2327,-9,2318,SD Eibar,1860,9,1869
2016-10-02,Málaga CF,1910,12,1922,Athletic Bilbao,2073,-12,2061
2016-10-02,Espanyol Barcelona,1881,2,1883,Villarreal CF,2038,-2,2036
2016-10-01,Sevilla FC,2060,3,2063,CD Alavés,1829,-3,1826
2016-10-01,Deportivo La Coruña,1854,8,1862,Sporting Gijón,1881,-8,1873
2016-10-01,CA Osasuna,1781,2,1783,UD Las Palmas,1937,-2,1935
2016-10-01,Granada CF,1827,-12,1815,CD Leganés,1843,12,1855
2016-09-30,Real Sociedad,1947,6,1953,Real Betis,1909,-6,1903
2016-09-26,CD Alavés,1817,12,1829,Granada CF,1839,-12,1827
2016-09-25,Atlético Madrid,2256,1,2257,Deportivo La Coruña,1855,-1,1854
2016-09-25,Espanyol Barcelona,1897,-16,1881,Celta Vigo,1983,16,1999
2016-09-25,Villarreal CF,2036,4,2040,CA Osasuna,1785,-4,1781
2016-09-25,CD Leganés,1854,-11,1843,Valencia CF,1934,11,1945
2016-09-24,UD Las Palmas,1930,7,1937,Real Madrid,2336,-7,2329
2016-09-24,Sporting Gijón,1886,-5,1881,FC Barcelona,2341,5,2346
2016-09-24,Athletic Bilbao,2059,11,2070,Sevilla FC,2063,-11,2052
2016-09-24,SD Eibar,1844,16,1860,Real Sociedad,1963,-16,1947
2016-09-23,Real Betis,1901,8,1909,Málaga CF,1918,-8,1910
2016-09-22,Valencia CF,1929,5,1934,CD Alavés,1822,-5,1817
2016-09-22,Deportivo La Coruña,1869,-14,1855,CD Leganés,1840,14,1854
2016-09-22,CA Osasuna,1795,-10,1785,Espanyol Barcelona,1887,10,1897
2016-09-21,FC Barcelona,2346,-5,2341,Atlético Madrid,2251,5,2256
2016-09-21,Real Madrid,2344,-8,2336,Villarreal CF,2028,8,2036
2016-09-21,Granada CF,1846,-7,1839,Athletic Bilbao,2052,7,2059
2016-09-21,Real Sociedad,1951,12,1963,UD Las Palmas,1942,-12,1930
2016-09-21,Celta Vigo,1978,5,1983,Sporting Gijón,1891,-5,1886
2016-09-20,Sevilla FC,2059,4,2063,Real Betis,1905,-4,1901
2016-09-20,Málaga CF,1912,6,1918,SD Eibar,1850,-6,1844
2016-09-19,CD Alavés,1824,-2,1822,Deportivo La Coruña,1867,2,1869
2016-09-18,Espanyol Barcelona,1891,-4,1887,Real Madrid,2340,4,2344
2016-09-18,Athletic Bilbao,2047,5,2052,Valencia CF,1934,-5,1929
2016-09-18,Villarreal CF,2022,6,2028,Real Sociedad,1957,-6,1951
2016-09-18,CA Osasuna,1792,3,1795,Celta Vigo,1981,-3,1978
2016-09-17,CD Leganés,1843,-3,1840,FC Barcelona,2343,3,2346
2016-09-17,Atlético Madrid,2248,3,2251,Sporting Gijón,1894,-3,1891
2016-09-17,SD Eibar,1847,3,1850,Sevilla FC,2062,-3,2059
2016-09-17,UD Las Palmas,1935,7,1942,Málaga CF,1919,-7,1912
2016-09-16,Real Betis,1909,-4,1905,Granada CF,1842,4,1846
2016-09-11,Deportivo La Coruña,1875,-8,1867,Athletic Bilbao,2060,8,2068
2016-09-11,Valencia CF,1948,-14,1934,Real Betis,1895,14,1909
2016-09-11,Sporting Gijón,1888,6,1894,CD Leganés,1849,-6,1843
2016-09-11,Granada CF,1855,-13,1842,SD Eibar,1834,13,1847
2016-09-10,Celta Vigo,1996,-12,1984,Atlético Madrid,2224,12,2236
2016-09-10,FC Barcelona,2360,-20,2340,CD Alavés,1804,20,1824
2016-09-10,Real Madrid,2336,1,2337,CA Osasuna,1793,-1,1792
2016-09-10,Sevilla FC,2046,5,2051,UD Las Palmas,1940,-5,1935
2016-09-10,Málaga CF,1935,-16,1919,Villarreal CF,2003,16,2019
2016-09-09,Real Sociedad,1962,-5,1957,Espanyol Barcelona,1886,5,1891
2016-08-28,Athletic Bilbao,2065,-5,2060,FC Barcelona,2355,5,2360
2016-08-28,Villarreal CF,2005,-2,2003,Sevilla FC,2044,2,2046
2016-08-28,UD Las Palmas,1930,10,1940,Granada CF,1865,-10,1855
2016-08-28,CD Alavés,1805,-1,1804,Sporting Gijón,1887,1,1888
2016-08-27,Real Madrid,2335,1,2336,Celta Vigo,1997,-1,1996
2016-08-27,CD Leganés,1842,7,1849,Atlético Madrid,2231,-7,2224
2016-08-27,SD Eibar,1823,11,1834,Valencia CF,1959,-11,1948
2016-08-27,CA Osasuna,1806,-13,1793,Real Sociedad,1949,13,1962
2016-08-26,Espanyol Barcelona,1888,-2,1886,Málaga CF,1933,2,1935
2016-08-26,Real Betis,1898,-3,1895,Deportivo La Coruña,1872,3,1875
2016-08-22,Valencia CF,1981,-22,1959,UD Las Palmas,1908,22,1930
2016-08-22,Celta Vigo,2014,-17,1997,CD Leganés,1825,17,1842
2016-08-21,Real Sociedad,1955,-6,1949,Real Madrid,2329,6,2335
2016-08-21,Atlético Madrid,2240,-9,2231,CD Alavés,1796,9,1805
2016-08-21,Sporting Gijón,1874,13,1887,Athletic Bilbao,2078,-13,2065
2016-08-20,FC Barcelona,2354,1,2355,Real Betis,1899,-1,1898
2016-08-20,Sevilla FC,2038,6,2044,Espanyol Barcelona,1894,-6,1888
2016-08-20,Granada CF,1863,2,1865,Villarreal CF,2017,-2,2015
2016-08-19,Málaga CF,1939,-6,1933,CA Osasuna,1800,6,1806
2016-08-19,Deportivo La Coruña,1866,6,1872,SD Eibar,1829,-6,1823
2018-05-20,FC Barcelona,2307,2,2309,Real Sociedad,1981,-2,1979
2018-05-20,Atlético Madrid,2194,-7,2187,SD Eibar,1957,7,1964
2018-05-20,Athletic Bilbao,1950,-12,1938,Espanyol Barcelona,1970,12,1982
2018-05-20,Valencia CF,2048,3,2051,Deportivo La Coruña,1817,-3,1814
2018-05-19,Villarreal CF,2002,6,2008,Real Madrid,2324,-6,2318
2018-05-19,Sevilla FC,2044,5,2049,CD Alavés,1974,-5,1969
2018-05-19,Celta Vigo,1974,10,1984,Levante UD,1946,-10,1936
2018-05-19,CD Leganés,1863,10,1873,Real Betis,1974,-10,1964
2018-05-19,Málaga CF,1792,-9,1783,Getafe CF,1933,9,1942
2018-05-19,UD Las Palmas,1763,-10,1753,Girona FC,1872,10,1882
2018-05-13,Levante UD,1929,17,1946,FC Barcelona,2324,-17,2307
2018-05-13,Espanyol Barcelona,1964,6,1970,Málaga CF,1798,-6,1792
2018-05-12,Real Madrid,2321,3,2324,Celta Vigo,1977,-3,1974
2018-05-12,Getafe CF,1939,-6,1933,Atlético Madrid,2175,6,2181
2018-05-12,Real Betis,1975,-1,1974,Sevilla FC,2043,1,2044
2018-05-12,CD Alavés,1963,11,1974,Athletic Bilbao,1961,-11,1950
2018-05-12,Girona FC,1880,-8,1872,Valencia CF,2040,8,2048
2018-05-12,Real Sociedad,1976,5,1981,CD Leganés,1868,-5,1863
2018-05-12,Deportivo La Coruña,1829,-12,1817,Villarreal CF,1990,12,2002
2018-05-12,SD Eibar,1954,3,1957,UD Las Palmas,1766,-3,1763
2018-05-09,Sevilla FC,2028,15,2043,Real Madrid,2336,-15,2321
2018-05-09,FC Barcelona,2321,3,2324,Villarreal CF,1993,-3,1990
2018-05-07,CD Leganés,1890,-22,1868,Levante UD,1907,22,1929
2018-05-06,FC Barcelona,2324,-3,2321,Real Madrid,2333,3,2336
2018-05-06,Atlético Madrid,2202,-27,2175,Espanyol Barcelona,1937,27,1964
2018-05-06,Málaga CF,1814,-16,1798,CD Alavés,1947,16,1963
2018-05-06,UD Las Palmas,1774,-8,1766,Getafe CF,1931,8,1939
2018-05-05,Villarreal CF,1984,9,1993,Valencia CF,2049,-9,2040
2018-05-05,Athletic Bilbao,1949,12,1961,Real Betis,1987,-12,1975
2018-05-05,Girona FC,1901,-21,1880,SD Eibar,1933,21,1954
2018-05-05,Celta Vigo,1983,-6,1977,Deportivo La Coruña,1823,6,1829
2018-05-04,Sevilla FC,2022,6,2028,Real Sociedad,1982,-6,1976
2018-04-30,Real Betis,1983,4,1987,Málaga CF,1818,-4,1814
2018-04-29,Deportivo La Coruña,1826,-3,1823,FC Barcelona,2321,3,2324
2018-04-29,CD Alavés,1953,-6,1947,Atlético Madrid,2190,6,2196
2018-04-29,Valencia CF,2055,-6,2049,SD Eibar,1927,6,1933
2018-04-29,Getafe CF,1935,-4,1931,Girona FC,1897,4,1901
2018-04-28,Real Madrid,2337,1,2338,CD Leganés,1891,-1,1890
2018-04-28,Villarreal CF,1970,14,1984,Celta Vigo,1997,-14,1983
2018-04-28,Real Sociedad,1972,10,1982,Athletic Bilbao,1959,-10,1949
2018-04-28,Espanyol Barcelona,1944,-7,1937,UD Las Palmas,1767,7,1774
2018-04-27,Levante UD,1896,11,1907,Sevilla FC,2033,-11,2022
2018-04-23,Athletic Bilbao,1982,-23,1959,Levante UD,1873,23,1896
2018-04-22,Atlético Madrid,2197,-7,2190,Real Betis,1976,7,1983
2018-04-22,Girona FC,1916,-19,1897,Espanyol Barcelona,1925,19,1944
2018-04-22,Málaga CF,1799,19,1818,Real Sociedad,1991,-19,1972
2018-04-22,UD Las Palmas,1783,-16,1767,CD Alavés,1937,16,1953
2018-04-21,Celta Vigo,1998,-1,1997,Valencia CF,2054,1,2055
2018-04-21,SD Eibar,1940,-13,1927,Getafe CF,1922,13,1935
2018-04-20,CD Leganés,1896,-5,1891,Deportivo La Coruña,1821,5,1826
2018-04-19,Real Sociedad,1966,25,1991,Atlético Madrid,2222,-25,2197
2018-04-19,CD Alavés,1951,-14,1937,Girona FC,1902,14,1916
2018-04-19,Real Betis,1973,3,1976,UD Las Palmas,1786,-3,1783
2018-04-19,Levante UD,1867,6,1873,Málaga CF,1805,-6,1799
2018-04-18,Real Madrid,2326,-9,2317,Athletic Bilbao,1973,9,1982
2018-04-18,Valencia CF,2070,-16,2054,Getafe CF,1906,16,1922
2018-04-18,Espanyol Barcelona,1938,-13,1925,SD Eibar,1927,13,1940
2018-04-17,Celta Vigo,1992,6,1998,FC Barcelona,2320,-6,2314
2018-04-17,Villarreal CF,1964,6,1970,CD Leganés,1902,-6,1896
2018-04-17,Deportivo La Coruña,1818,3,1821,Sevilla FC,2043,-3,2040
2018-04-15,Málaga CF,1807,-2,1805,Real Madrid,2324,2,2326
2018-04-15,Atlético Madrid,2220,2,2222,Levante UD,1869,-2,1867
2018-04-15,SD Eibar,1940,-13,1927,CD Alavés,1938,13,1951
2018-04-15,Getafe CF,1897,9,1906,Espanyol Barcelona,1947,-9,1938
2018-04-14,FC Barcelona,2318,2,2320,Valencia CF,2072,-2,2070
2018-04-14,Sevilla FC,2048,-5,2043,Villarreal CF,1959,5,1964
2018-04-14,CD Leganés,1892,10,1902,Celta Vigo,2002,-10,1992
2018-04-14,Athletic Bilbao,1990,-17,1973,Deportivo La Coruña,1801,17,1818
2018-04-14,UD Las Palmas,1794,-8,1786,Real Sociedad,1958,8,1966
2018-04-13,Girona FC,1913,-11,1902,Real Betis,1962,11,1973
2018-04-09,Villarreal CF,1978,-19,1959,Athletic Bilbao,1971,19,1990
2018-04-08,Real Madrid,2363,-6,2357,Atlético Madrid,2231,6,2237
2018-04-08,Valencia CF,2068,4,2072,Espanyol Barcelona,1951,-4,1947
2018-04-08,Real Sociedad,1944,14,1958,Girona FC,1927,-14,1913
2018-04-08,Levante UD,1863,6,1869,UD Las Palmas,1800,-6,1794
2018-04-07,FC Barcelona,2354,1,2355,CD Leganés,1893,-1,1892
2018-04-07,Celta Vigo,1985,17,2002,Sevilla FC,2053,-17,2036
2018-04-07,Real Betis,1951,11,1962,SD Eibar,1951,-11,1940
2018-04-07,CD Alavés,1928,10,1938,Getafe CF,1907,-10,1897
2018-04-06,Deportivo La Coruña,1793,8,1801,Málaga CF,1815,-8,1807
2018-04-02,Getafe CF,1919,-12,1907,Real Betis,1939,12,1951
2018-04-01,Atlético Madrid,2225,1,2226,Deportivo La Coruña,1794,-1,1793
2018-04-01,CD Leganés,1901,-8,1893,Valencia CF,2060,8,2068
2018-04-01,SD Eibar,1954,-3,1951,Real Sociedad,1941,3,1944
2018-04-01,Espanyol Barcelona,1955,-4,1951,CD Alavés,1924,4,1928
2018-04-01,Málaga CF,1802,13,1815,Villarreal CF,1991,-13,1978
2018-03-31,Sevilla FC,2056,5,2061,FC Barcelona,2352,-5,2347
2018-03-31,UD Las Palmas,1803,-3,1800,Real Madrid,2327,3,2330
2018-03-31,Athletic Bilbao,1974,-3,1971,Celta Vigo,1982,3,1985
2018-03-31,Girona FC,1932,-5,1927,Levante UD,1858,5,1863
2018-03-18,FC Barcelona,2350,2,2352,Athletic Bilbao,1976,-2,1974
2018-03-18,Real Madrid,2325,2,2327,Girona FC,1934,-2,1932
2018-03-18,Villarreal CF,1977,14,1991,Atlético Madrid,2239,-14,2225
2018-03-18,CD Leganés,1889,12,1901,Sevilla FC,2068,-12,2056
2018-03-18,Celta Vigo,1989,-7,1982,Málaga CF,1795,7,1802
2018-03-17,Valencia CF,2054,6,2060,CD Alavés,1930,-6,1924
2018-03-17,Real Betis,1924,15,1939,Espanyol Barcelona,1970,-15,1955
2018-03-17,Real Sociedad,1955,-14,1941,Getafe CF,1905,14,1919
2018-03-17,Deportivo La Coruña,1797,-3,1794,UD Las Palmas,1800,3,1803
2018-03-16,Levante UD,1848,10,1858,SD Eibar,1964,-10,1954
2018-03-12,CD Alavés,1951,-21,1930,Real Betis,1903,21,1924
2018-03-11,Atlético Madrid,2220,5,2225,Celta Vigo,1994,-5,1989
2018-03-11,Espanyol Barcelona,1963,7,1970,Real Sociedad,1962,-7,1955
2018-03-11,Athletic Bilbao,1983,8,1991,CD Leganés,1897,-8,1889
2018-03-11,UD Las Palmas,1813,-13,1800,Villarreal CF,1964,13,1977
2018-03-10,SD Eibar,1968,-4,1964,Real Madrid,2321,4,2325
2018-03-10,Málaga CF,1797,-2,1795,FC Barcelona,2340,2,2342
2018-03-10,Sevilla FC,2063,-20,2043,Valencia CF,2034,20,2054
2018-03-10,Getafe CF,1920,-15,1905,Levante UD,1833,15,1848
2018-03-09,Girona FC,1928,6,1934,Deportivo La Coruña,1803,-6,1797
2018-03-05,Celta Vigo,1991,3,1994,UD Las Palmas,1816,-3,1813
2018-03-04,FC Barcelona,2336,4,2340,Atlético Madrid,2219,-4,2215
2018-03-04,Valencia CF,2027,7,2034,Real Betis,1910,-7,1903
2018-03-04,Real Sociedad,1955,7,1962,CD Alavés,1958,-7,1951
2018-03-04,Levante UD,1832,1,1833,Espanyol Barcelona,1964,-1,1963
2018-03-03,Real Madrid,2300,2,2302,Getafe CF,1922,-2,1920
2018-03-03,Sevilla FC,2054,9,2063,Athletic Bilbao,2005,-9,1996
2018-03-03,Villarreal CF,1986,-22,1964,Girona FC,1906,22,1928
2018-03-03,Deportivo La Coruña,1801,2,1803,SD Eibar,1970,-2,1968
2018-03-03,CD Leganés,1889,8,1897,Málaga CF,1805,-8,1797
2018-03-01,UD Las Palmas,1807,9,1816,FC Barcelona,2345,-9,2336
2018-03-01,Real Betis,1912,-2,1910,Real Sociedad,1953,2,1955
2018-03-01,CD Alavés,1954,4,1958,Levante UD,1836,-4,1832
2018-02-28,Atlético Madrid,2216,3,2219,CD Leganés,1892,-3,1889
2018-02-28,Athletic Bilbao,2007,-2,2005,Valencia CF,2025,2,2027
2018-02-28,SD Eibar,1962,8,1970,Villarreal CF,1994,-8,1986
2018-02-28,Málaga CF,1811,-6,1805,Sevilla FC,2048,6,2054
2018-02-28,Getafe CF,1914,8,1922,Deportivo La Coruña,1809,-8,1801
2018-02-27,Espanyol Barcelona,1947,17,1964,Real Madrid,2317,-17,2300
2018-02-27,Girona FC,1896,10,1906,Celta Vigo,2001,-10,1991
2018-02-26,Levante UD,1853,-17,1836,Real Betis,1895,17,1912
2018-02-25,Sevilla FC,2064,-16,2048,Atlético Madrid,2200,16,2216
2018-02-25,Valencia CF,2019,6,2025,Real Sociedad,1959,-6,1953
2018-02-25,Villarreal CF,1989,5,1994,Getafe CF,1919,-5,1914
2018-02-25,Athletic Bilbao,2004,3,2007,Málaga CF,1814,-3,1811
2018-02-24,Real Madrid,2315,2,2317,CD Alavés,1956,-2,1954
2018-02-24,FC Barcelona,2343,2,2345,Girona FC,1898,-2,1896
2018-02-24,Celta Vigo,1991,10,2001,SD Eibar,1972,-10,1962
2018-02-24,CD Leganés,1897,-5,1892,UD Las Palmas,1802,5,1807
2018-02-23,Deportivo La Coruña,1808,1,1809,Espanyol Barcelona,1948,-1,1947
2018-02-21,CD Leganés,1901,-4,1897,Real Madrid,2311,4,2315
2018-02-19,Getafe CF,1901,18,1919,Celta Vigo,2009,-18,1991
2018-02-18,Atlético Madrid,2194,5,2199,Athletic Bilbao,2027,-5,2022
2018-02-18,Real Betis,1899,-4,1895,Real Madrid,2307,4,2311
2018-02-18,Espanyol Barcelona,1949,-1,1948,Villarreal CF,2002,1,2003
2018-02-18,Real Sociedad,1959,8,1967,Levante UD,1861,-8,1853
2018-02-17,SD Eibar,1977,-5,1972,FC Barcelona,2343,5,2348
2018-02-17,UD Las Palmas,1808,-6,1802,Sevilla FC,2057,6,2063
2018-02-17,Málaga CF,1821,-7,1814,Valencia CF,2012,7,2019
2018-02-17,CD Alavés,1952,4,1956,Deportivo La Coruña,1812,-4,1808
2018-02-16,Girona FC,1884,14,1898,CD Leganés,1915,-14,1901
2018-02-12,Deportivo La Coruña,1823,-11,1812,Real Betis,1888,11,1899
2018-02-11,FC Barcelona,2352,-9,2343,Getafe CF,1892,9,1901
2018-02-11,Celta Vigo,2013,-4,2009,Espanyol Barcelona,1945,4,1949
2018-02-11,Sevilla FC,2053,4,2057,Girona FC,1888,-4,1884
2018-02-11,Valencia CF,2006,6,2012,Levante UD,1867,-6,1861
2018-02-10,Real Madrid,2287,3,2290,Real Sociedad,1964,-3,1961
2018-02-10,Málaga CF,1825,-4,1821,Atlético Madrid,2182,4,2186
2018-02-10,Villarreal CF,2029,-15,2014,CD Alavés,1937,15,1952
2018-02-10,CD Leganés,1927,-12,1915,SD Eibar,1965,12,1977
2018-02-09,Athletic Bilbao,2011,-7,2004,UD Las Palmas,1801,7,1808
2018-02-05,UD Las Palmas,1793,8,1801,Málaga CF,1833,-8,1825
2018-02-04,Espanyol Barcelona,1938,7,1945,FC Barcelona,2353,-7,2346
2018-02-04,Atlético Madrid,2178,4,2182,Valencia CF,2016,-4,2012
2018-02-04,Girona FC,1870,18,1888,Athletic Bilbao,2029,-18,2011
2018-02-04,Getafe CF,1894,-2,1892,CD Leganés,1932,2,1934
2018-02-03,Levante UD,1860,7,1867,Real Madrid,2294,-7,2287
2018-02-03,SD Eibar,1945,20,1965,Sevilla FC,2066,-20,2046
2018-02-03,CD Alavés,1927,10,1937,Celta Vigo,2023,-10,2013
2018-02-03,Real Betis,1876,12,1888,Villarreal CF,2041,-12,2029
2018-02-02,Real Sociedad,1955,9,1964,Deportivo La Coruña,1832,-9,1823
2018-01-29,Celta Vigo,2019,4,2023,Real Betis,1880,-4,1876
2018-01-28,FC Barcelona,2350,1,2351,CD Alavés,1928,-1,1927
2018-01-28,Atlético Madrid,2176,2,2178,UD Las Palmas,1795,-2,1793
2018-01-28,Sevilla FC,2074,-7,2067,Getafe CF,1887,7,1894
2018-01-28,CD Leganés,1923,8,1931,Espanyol Barcelona,1946,-8,1938
2018-01-27,Valencia CF,2028,-10,2018,Real Madrid,2284,10,2294
2018-01-27,Villarreal CF,2033,8,2041,Real Sociedad,1963,-8,1955
2018-01-27,Málaga CF,1835,-2,1833,Girona FC,1868,2,1870
2018-01-27,Deportivo La Coruña,1834,-2,1832,Levante UD,1858,2,1860
2018-01-26,Athletic Bilbao,2034,-5,2029,SD Eibar,1940,5,1945
2018-01-22,SD Eibar,1946,-6,1940,Málaga CF,1829,6,1835
2018-01-21,Real Betis,1885,-5,1880,FC Barcelona,2343,5,2348
2018-01-21,Real Madrid,2301,2,2303,Deportivo La Coruña,1836,-2,1834
2018-01-21,Real Sociedad,1975,-12,1963,Celta Vigo,2007,12,2019
2018-01-21,CD Alavés,1920,-3,1917,CD Leganés,1901,3,1904
2018-01-20,Atlético Madrid,2202,-9,2193,Girona FC,1859,9,1868
2018-01-20,Espanyol Barcelona,1967,-19,1948,Sevilla FC,2038,19,2057
2018-01-20,Villarreal CF,2029,4,2033,Levante UD,1862,-4,1858
2018-01-20,UD Las Palmas,1780,15,1795,Valencia CF,2054,-15,2039
2018-01-19,Getafe CF,1886,1,1887,Athletic Bilbao,2035,-1,2034
2018-01-15,Real Betis,1877,8,1885,CD Leganés,1912,-8,1904
2018-01-14,Real Sociedad,1980,-5,1975,FC Barcelona,2355,5,2360
2018-01-14,Espanyol Barcelona,1950,0,1950,Athletic Bilbao,2035,0,2035
2018-01-14,CD Alavés,1914,10,1924,Sevilla FC,2031,-10,2021
2018-01-14,Levante UD,1871,-9,1862,Celta Vigo,1998,9,2007
2018-01-13,Real Madrid,2316,-18,2298,Villarreal CF,2011,18,2029
2018-01-13,SD Eibar,1952,-6,1946,Atlético Madrid,2213,6,2219
2018-01-13,Deportivo La Coruña,1843,-7,1836,Valencia CF,2043,7,2050
2018-01-13,Girona FC,1847,12,1859,UD Las Palmas,1792,-12,1780
2018-01-12,Getafe CF,1880,6,1886,Málaga CF,1835,-6,1829
2018-01-08,Málaga CF,1846,-11,1835,Espanyol Barcelona,1922,11,1933
2018-01-07,Celta Vigo,1995,6,2001,Real Madrid,2332,-6,2326
2018-01-07,FC Barcelona,2351,1,2352,Levante UD,1889,-1,1888
2018-01-07,Athletic Bilbao,2028,7,2035,CD Alavés,1921,-7,1914
2018-01-07,CD Leganés,1908,9,1917,Real Sociedad,1989,-9,1980
2018-01-07,Villarreal CF,2013,-7,2006,Deportivo La Coruña,1836,7,1843
2018-01-06,Atlético Madrid,2211,2,2213,Getafe CF,1882,-2,1880
2018-01-06,Sevilla FC,2053,-25,2028,Real Betis,1852,25,1877
2018-01-06,Valencia CF,2035,3,2038,Girona FC,1850,-3,1847
2018-01-06,UD Las Palmas,1806,-9,1797,SD Eibar,1943,9,1952
2017-12-23,Real Madrid,2353,-23,2330,FC Barcelona,2335,23,2358
2017-12-23,Valencia CF,2053,-14,2039,Villarreal CF,2010,14,2024
2017-12-23,Deportivo La Coruña,1850,-14,1836,Celta Vigo,1974,14,1988
2017-12-22,Espanyol Barcelona,1921,15,1936,Atlético Madrid,2226,-15,2211
2017-12-22,Real Betis,1865,-13,1852,Athletic Bilbao,2015,13,2028
2017-12-21,SD Eibar,1934,9,1943,Girona FC,1859,-9,1850
2017-12-21,CD Alavés,1915,6,1921,Málaga CF,1852,-6,1846
2017-12-20,Real Sociedad,1975,14,1989,Sevilla FC,2056,-14,2042
2017-12-20,Getafe CF,1874,8,1882,UD Las Palmas,1810,-8,1802
2017-12-19,Levante UD,1877,-2,1875,CD Leganés,1895,2,1897
2017-12-18,Málaga CF,1872,-20,1852,Real Betis,1845,20,1865
2017-12-17,FC Barcelona,2334,1,2335,Deportivo La Coruña,1851,-1,1850
2017-12-17,Celta Vigo,1987,-13,1974,Villarreal CF,1997,13,2010
2017-12-17,Girona FC,1851,8,1859,Getafe CF,1882,-8,1874
2017-12-17,UD Las Palmas,1810,0,1810,Espanyol Barcelona,1921,0,1921
2017-12-16,Atlético Madrid,2224,2,2226,CD Alavés,1917,-2,1915
2017-12-16,Athletic Bilbao,2019,-4,2015,Real Sociedad,1971,4,1975
2017-12-16,SD Eibar,1923,11,1934,Valencia CF,2064,-11,2053
2017-12-15,Sevilla FC,2063,-7,2056,Levante UD,1870,7,1877
2017-12-11,Espanyol Barcelona,1936,-15,1921,Girona FC,1836,15,1851
2017-12-10,Villarreal CF,2004,-7,1997,FC Barcelona,2327,7,2334
2017-12-10,Real Betis,1848,-3,1845,Atlético Madrid,2221,3,2224
2017-12-10,Levante UD,1879,-9,1870,Athletic Bilbao,2010,9,2019
2017-12-10,Real Sociedad,1995,-24,1971,Málaga CF,1848,24,1872
2017-12-09,Real Madrid,2349,4,2353,Sevilla FC,2067,-4,2063
2017-12-09,Valencia CF,2058,6,2064,Celta Vigo,1993,-6,1987
2017-12-09,Getafe CF,1884,-2,1882,SD Eibar,1921,2,1923
2017-12-09,Deportivo La Coruña,1842,9,1851,CD Leganés,1904,-9,1895
2017-12-08,CD Alavés,1910,7,1917,UD Las Palmas,1817,-7,1810
2017-12-04,Girona FC,1847,-11,1836,CD Alavés,1899,11,1910
2017-12-03,Getafe CF,1871,13,1884,Valencia CF,2071,-13,2058
2017-12-03,CD Leganés,1887,17,1904,Villarreal CF,2043,-17,2026
2017-12-03,SD Eibar,1909,12,1921,Espanyol Barcelona,1948,-12,1936
2017-12-03,UD Las Palmas,1809,8,1817,Real Betis,1856,-8,1848
2017-12-02,Athletic Bilbao,1993,6,1999,Real Madrid,2352,-6,2346
2017-12-02,FC Barcelona,2332,-9,2323,Celta Vigo,1984,9,1993
2017-12-02,Atlético Madrid,2213,3,2216,Real Sociedad,2023,-3,2020
2017-12-02,Sevilla FC,2072,4,2076,Deportivo La Coruña,1846,-4,1842
2017-12-01,Málaga CF,1850,-2,1848,Levante UD,1877,2,1879
2017-11-27,Espanyol Barcelona,1938,6,1944,Getafe CF,1889,-6,1883
2017-11-26,Valencia CF,2064,5,2069,FC Barcelona,2336,-5,2331
2017-11-26,Villarreal CF,2054,-13,2041,Sevilla FC,2057,13,2070
2017-11-26,Real Sociedad,2030,-7,2023,UD Las Palmas,1814,7,1821
2017-11-26,Deportivo La Coruña,1832,2,1834,Athletic Bilbao,1995,-2,1993
2017-11-25,Real Madrid,2351,1,2352,Málaga CF,1857,-1,1856
2017-11-25,Levante UD,1890,-9,1881,Atlético Madrid,2203,9,2212
2017-11-25,CD Alavés,1900,-13,1887,SD Eibar,1902,13,1915
2017-11-25,Real Betis,1882,-4,1878,Girona FC,1839,4,1843
2017-11-24,Celta Vigo,1973,5,1978,CD Leganés,1887,-5,1882
2017-11-20,SD Eibar,1887,15,1902,Real Betis,1897,-15,1882
2017-11-19,Athletic Bilbao,1991,-1,1990,Villarreal CF,2046,1,2047
2017-11-19,Espanyol Barcelona,1953,-15,1938,Valencia CF,2049,15,2064
2017-11-19,UD Las Palmas,1832,-18,1814,Levante UD,1872,18,1890
2017-11-19,Málaga CF,1850,7,1857,Deportivo La Coruña,1839,-7,1832
2017-11-18,Atlético Madrid,2184,2,2186,Real Madrid,2348,-2,2346
2017-11-18,CD Leganés,1891,-4,1887,FC Barcelona,2332,4,2336
2017-11-18,Sevilla FC,2053,5,2058,Celta Vigo,1978,-5,1973
2017-11-18,Getafe CF,1875,14,1889,CD Alavés,1914,-14,1900
2017-11-17,Girona FC,1837,2,1839,Real Sociedad,2021,-2,2019
2017-11-05,Real Madrid,2347,1,2348,UD Las Palmas,1833,-1,1832
2017-11-05,Celta Vigo,1966,12,1978,Athletic Bilbao,2003,-12,1991
2017-11-05,Real Sociedad,2014,7,2021,SD Eibar,1894,-7,1887
2017-11-05,Villarreal CF,2041,5,2046,Málaga CF,1855,-5,1850
2017-11-05,Levante UD,1886,-14,1872,Girona FC,1823,14,1837
2017-11-04,FC Barcelona,2330,2,2332,Sevilla FC,2055,-2,2053
2017-11-04,Deportivo La Coruña,1843,-4,1839,Atlético Madrid,2180,4,2184
2017-11-04,Valencia CF,2042,7,2049,CD Leganés,1898,-7,1891
2017-11-04,CD Alavés,1905,9,1914,Espanyol Barcelona,1962,-9,1953
2017-11-03,Real Betis,1901,-4,1897,Getafe CF,1871,4,1875
2017-10-30,Espanyol Barcelona,1956,6,1962,Real Betis,1907,-6,1901
2017-10-30,UD Las Palmas,1853,-20,1833,Deportivo La Coruña,1823,20,1843
2017-10-29,Girona FC,1804,19,1823,Real Madrid,2393,-19,2374
2017-10-29,Getafe CF,1859,12,1871,Real Sociedad,2023,-12,2011
2017-10-29,Málaga CF,1844,11,1855,Celta Vigo,1977,-11,1966
2017-10-29,SD Eibar,1897,-3,1894,Levante UD,1883,3,1886
2017-10-28,Athletic Bilbao,2005,-6,1999,FC Barcelona,2335,6,2341
2017-10-28,Atlético Madrid,2200,-7,2193,Villarreal CF,2016,7,2023
2017-10-28,CD Alavés,1915,-10,1905,Valencia CF,2032,10,2042
2017-10-28,Sevilla FC,2043,4,2047,CD Leganés,1902,-4,1898
2017-10-23,Real Sociedad,2028,-5,2023,Espanyol Barcelona,1952,5,1957
2017-10-23,Deportivo La Coruña,1860,-14,1846,Girona FC,1807,14,1821
2017-10-22,Real Madrid,2392,1,2393,SD Eibar,1909,-1,1908
2017-10-22,Celta Vigo,1972,-6,1966,Atlético Madrid,2203,6,2209
2017-10-22,CD Leganés,1881,11,1892,Athletic Bilbao,2016,-11,2005
2017-10-22,Villarreal CF,2026,6,2032,UD Las Palmas,1836,-6,1830
2017-10-21,FC Barcelona,2332,1,2333,Málaga CF,1856,-1,1855
2017-10-21,Valencia CF,2008,16,2024,Sevilla FC,2052,-16,2036
2017-10-21,Real Betis,1887,12,1899,CD Alavés,1915,-12,1903
2017-10-21,Levante UD,1869,-3,1866,Getafe CF,1868,3,1871
2017-10-16,UD Las Palmas,1854,-18,1836,Celta Vigo,1954,18,1972
2017-10-15,Real Betis,1905,-18,1887,Valencia CF,1990,18,2008
2017-10-15,Girona FC,1814,-7,1807,Villarreal CF,2027,7,2034
2017-10-15,SD Eibar,1913,-4,1909,Deportivo La Coruña,1856,4,1860
2017-10-15,Málaga CF,1876,-20,1856,CD Leganés,1861,20,1881
2017-10-14,Atlético Madrid,2213,1,2214,FC Barcelona,2331,-1,2330
2017-10-14,Getafe CF,1870,-2,1868,Real Madrid,2401,2,2403
2017-10-14,Athletic Bilbao,2011,10,2021,Sevilla FC,2094,-10,2084
2017-10-14,CD Alavés,1932,-17,1915,Real Sociedad,1997,17,2014
2017-10-13,Espanyol Barcelona,1957,-5,1952,Levante UD,1864,5,1869
2017-10-01,Real Madrid,2400,1,2401,Espanyol Barcelona,1958,-1,1957
2017-10-01,FC Barcelona,2330,1,2331,UD Las Palmas,1855,-1,1854
2017-10-01,Valencia CF,1982,8,1990,Athletic Bilbao,2019,-8,2011
2017-10-01,Villarreal CF,2018,9,2027,SD Eibar,1922,-9,1913
2017-10-01,Real Sociedad,2002,-5,1997,Real Betis,1900,5,1905
2017-09-30,CD Leganés,1855,6,1861,Atlético Madrid,2219,-6,2213
2017-09-30,Sevilla FC,2090,4,2094,Málaga CF,1880,-4,1876
2017-09-30,Levante UD,1882,-18,1864,CD Alavés,1914,18,1932
2017-09-30,Deportivo La Coruña,1848,8,1856,Getafe CF,1878,-8,1870
2017-09-29,Celta Vigo,1960,-6,1954,Girona FC,1808,6,1814
2017-09-25,Real Betis,1886,14,1900,Levante UD,1896,-14,1882
2017-09-24,Real Sociedad,2028,-14,2014,Valencia CF,1968,14,1982
2017-09-24,Getafe CF,1854,24,1878,Villarreal CF,2046,-24,2022
2017-09-24,SD Eibar,1947,-25,1922,Celta Vigo,1935,25,1960
2017-09-24,Espanyol Barcelona,1949,9,1958,Deportivo La Coruña,1857,-9,1848
2017-09-24,UD Las Palmas,1876,-21,1855,CD Leganés,1834,21,1855
2017-09-23,Atlético Madrid,2232,6,2238,Sevilla FC,2092,-6,2086
2017-09-23,CD Alavés,1916,-2,1914,Real Madrid,2383,2,2385
2017-09-23,Girona FC,1811,-3,1808,FC Barcelona,2320,3,2323
2017-09-23,Málaga CF,1878,2,1880,Athletic Bilbao,2044,-2,2042
2017-09-21,Villarreal CF,2051,-5,2046,Espanyol Barcelona,1944,5,1949
2017-09-21,Levante UD,1875,21,1896,Real Sociedad,2049,-21,2028
2017-09-21,Celta Vigo,1940,-5,1935,Getafe CF,1849,5,1854
2017-09-20,Athletic Bilbao,2052,-8,2044,Atlético Madrid,2224,8,2232
2017-09-20,Real Madrid,2403,-20,2383,Real Betis,1866,20,1886
2017-09-20,Sevilla FC,2089,3,2092,UD Las Palmas,1879,-3,1876
2017-09-20,Deportivo La Coruña,1848,9,1857,CD Alavés,1925,-9,1916
2017-09-20,CD Leganés,1838,-4,1834,Girona FC,1807,4,1811
2017-09-19,FC Barcelona,2317,3,2320,SD Eibar,1950,-3,1947
2017-09-19,Valencia CF,1957,11,1968,Málaga CF,1889,-11,1878
2017-09-18,Espanyol Barcelona,1937,7,1944,Celta Vigo,1947,-7,1940
2017-09-17,Real Sociedad,2055,-6,2049,Real Madrid,2397,6,2403
2017-09-17,CD Alavés,1943,-18,1925,Villarreal CF,2033,18,2051
2017-09-17,UD Las Palmas,1866,13,1879,Athletic Bilbao,2065,-13,2052
2017-09-17,Girona FC,1812,-5,1807,Sevilla FC,2084,5,2089
2017-09-16,Getafe CF,1851,-2,1849,FC Barcelona,2315,2,2317
2017-09-16,Atlético Madrid,2222,2,2224,Málaga CF,1891,-2,1889
2017-09-16,Levante UD,1876,-1,1875,Valencia CF,1956,1,1957
2017-09-16,Real Betis,1859,7,1866,Deportivo La Coruña,1855,-7,1848
2017-09-15,SD Eibar,1945,5,1950,CD Leganés,1843,-5,1838
2017-09-11,Málaga CF,1913,-22,1891,UD Las Palmas,1844,22,1866
2017-09-10,Deportivo La Coruña,1867,-12,1855,Real Sociedad,2034,12,2046
2017-09-10,Celta Vigo,1940,7,1947,CD Alavés,1950,-7,1943
2017-09-10,Villarreal CF,2022,6,2028,Real Betis,1865,-6,1859
2017-09-10,Athletic Bilbao,2063,4,2067,Girona FC,1816,-4,1812
2017-09-09,Real Madrid,2406,-10,2396,Levante UD,1866,10,1876
2017-09-09,FC Barcelona,2295,3,2298,Espanyol Barcelona,1940,-3,1937
2017-09-09,Valencia CF,1951,5,1956,Atlético Madrid,2226,-5,2221
2017-09-09,Sevilla FC,2070,8,2078,SD Eibar,1953,-8,1945
2017-09-08,CD Leganés,1856,-13,1843,Getafe CF,1838,13,1851
2017-08-27,Real Madrid,2415,-9,2406,Valencia CF,1942,9,1951
2017-08-27,SD Eibar,1963,-10,1953,Athletic Bilbao,2053,10,2063
2017-08-27,Getafe CF,1845,-7,1838,Sevilla FC,2063,7,2070
2017-08-27,Espanyol Barcelona,1956,-16,1940,CD Leganés,1840,16,1856
2017-08-26,CD Alavés,1956,-6,1950,FC Barcelona,2289,6,2295
2017-08-26,UD Las Palmas,1851,-7,1844,Atlético Madrid,2219,7,2226
2017-08-26,Levante UD,1869,-3,1866,Deportivo La Coruña,1864,3,1867
2017-08-26,Girona FC,1806,10,1816,Málaga CF,1923,-10,1913
2017-08-25,Real Sociedad,2021,13,2034,Villarreal CF,2035,-13,2022
2017-08-25,Real Betis,1855,10,1865,Celta Vigo,1950,-10,1940
2017-08-21,Levante UD,1856,13,1869,Villarreal CF,2048,-13,2035
2017-08-21,Málaga CF,1935,-12,1923,SD Eibar,1951,12,1963
2017-08-20,Deportivo La Coruña,1866,-2,1864,Real Madrid,2413,2,2415
2017-08-20,FC Barcelona,2288,1,2289,Real Betis,1856,-1,1855
2017-08-20,Athletic Bilbao,2057,-7,2050,Getafe CF,1838,7,1845
2017-08-19,Sevilla FC,2077,-6,2071,Espanyol Barcelona,1950,6,1956
2017-08-19,Girona FC,1799,7,1806,Atlético Madrid,2226,-7,2219
2017-08-19,Celta Vigo,1961,-11,1950,Real Sociedad,2010,11,2021
2017-08-18,CD Leganés,1829,11,1840,CD Alavés,1967,-11,1956
2017-08-18,Valencia CF,1937,5,1942,UD Las Palmas,1856,-5,1851
2019-05-19,SD Eibar,1957,7,1964,FC Barcelona,2328,-7,2321
2019-05-19,Real Madrid,2138,-26,2112,Real Betis,1932,26,1958
2019-05-18,Levante UD,1947,4,1951,Atlético Madrid,2181,-4,2177
2019-05-18,Sevilla FC,2031,10,2041,Athletic Bilbao,2011,-10,2001
2019-05-18,Getafe CF,2031,-4,2027,Villarreal CF,1997,4,2001
2019-05-18,Espanyol Barcelona,1998,11,2009,Real Sociedad,2002,-11,1991
2019-05-18,Real Valladolid,1870,-10,1860,Valencia CF,2089,10,2099
2019-05-18,CD Alavés,1937,6,1943,Girona FC,1877,-6,1871
2019-05-18,SD Huesca,1832,10,1842,CD Leganés,1948,-10,1938
2019-05-18,Celta Vigo,1945,-6,1939,Rayo Vallecano,1809,6,1815
2019-05-12,FC Barcelona,2325,3,2328,Getafe CF,2034,-3,2031
2019-05-12,Atlético Madrid,2187,-6,2181,Sevilla FC,2025,6,2031
2019-05-12,Real Sociedad,1984,18,2002,Real Madrid,2156,-18,2138
2019-05-12,Valencia CF,2083,6,2089,CD Alavés,1943,-6,1937
2019-05-12,Athletic Bilbao,2002,9,2011,Celta Vigo,1954,-9,1945
2019-05-12,Villarreal CF,1990,7,1997,SD Eibar,1964,-7,1957
2019-05-12,CD Leganés,1967,-19,1948,Espanyol Barcelona,1979,19,1998
2019-05-12,Girona FC,1889,-12,1877,Levante UD,1935,12,1947
2019-05-12,Real Betis,1927,5,1932,SD Huesca,1837,-5,1832
2019-05-12,Rayo Vallecano,1821,-12,1809,Real Valladolid,1858,12,1870
2019-05-05,Real Madrid,2152,4,2156,Villarreal CF,1994,-4,1990
2019-05-05,SD Huesca,1848,-11,1837,Valencia CF,2097,11,2108
2019-05-05,Getafe CF,2028,6,2034,Girona FC,1895,-6,1889
2019-05-05,SD Eibar,1957,7,1964,Real Betis,1934,-7,1927
2019-05-05,Real Valladolid,1846,12,1858,Athletic Bilbao,2014,-12,2002
2019-05-04,Celta Vigo,1928,26,1954,FC Barcelona,2375,-26,2349
2019-05-04,Espanyol Barcelona,1954,25,1979,Atlético Madrid,2212,-25,2187
2019-05-04,CD Alavés,1955,-12,1943,Real Sociedad,1972,12,1984
2019-05-04,Levante UD,1926,9,1935,Rayo Vallecano,1830,-9,1821
2019-05-03,Sevilla FC,2052,-27,2025,CD Leganés,1940,27,1967
2019-04-29,Real Betis,1936,-2,1934,Espanyol Barcelona,1952,2,1954
2019-04-28,Valencia CF,2129,-17,2112,SD Eibar,1940,17,1957
2019-04-28,Real Sociedad,1963,9,1972,Getafe CF,2037,-9,2028
2019-04-28,Rayo Vallecano,1814,16,1830,Real Madrid,2168,-16,2152
2019-04-28,Girona FC,1883,12,1895,Sevilla FC,2064,-12,2052
2019-04-28,Villarreal CF,2000,-6,1994,SD Huesca,1842,6,1848
2019-04-27,FC Barcelona,2358,1,2359,Levante UD,1927,-1,1926
2019-04-27,Atlético Madrid,2211,1,2212,Real Valladolid,1847,-1,1846
2019-04-27,Athletic Bilbao,2018,-4,2014,CD Alavés,1951,4,1955
2019-04-27,CD Leganés,1943,-3,1940,Celta Vigo,1925,3,1928
2019-04-25,Getafe CF,2036,1,2037,Real Madrid,2169,-1,2168
2019-04-25,Real Sociedad,1976,-13,1963,Villarreal CF,1987,13,2000
2019-04-25,Sevilla FC,2059,5,2064,Rayo Vallecano,1819,-5,1814
2019-04-24,Atlético Madrid,2206,5,2211,Valencia CF,2134,-5,2129
2019-04-24,CD Leganés,1954,-11,1943,Athletic Bilbao,2007,11,2018
2019-04-24,Espanyol Barcelona,1956,-4,1952,Celta Vigo,1921,4,1925
2019-04-24,Levante UD,1912,15,1927,Real Betis,1951,-15,1936
2019-04-23,CD Alavés,1956,-5,1951,FC Barcelona,2353,5,2358
2019-04-23,SD Huesca,1826,16,1842,SD Eibar,1956,-16,1940
2019-04-23,Real Valladolid,1838,9,1847,Girona FC,1892,-9,1883
2019-04-21,Real Madrid,2162,7,2169,Athletic Bilbao,2014,-7,2007
2019-04-21,Getafe CF,2021,15,2036,Sevilla FC,2074,-15,2059
2019-04-21,Real Betis,1959,-8,1951,Valencia CF,2126,8,2134
2019-04-21,Villarreal CF,1980,7,1987,CD Leganés,1961,-7,1954
2019-04-21,Levante UD,1914,-2,1912,Espanyol Barcelona,1954,2,1956
2019-04-20,FC Barcelona,2352,1,2353,Real Sociedad,1977,-1,1976
2019-04-20,SD Eibar,1962,-6,1956,Atlético Madrid,2200,6,2206
2019-04-20,Celta Vigo,1914,7,1921,Girona FC,1899,-7,1892
2019-04-20,Rayo Vallecano,1822,-3,1819,SD Huesca,1823,3,1826
2019-04-19,CD Alavés,1962,-6,1956,Real Valladolid,1832,6,1838
2019-04-15,CD Leganés,1958,3,1961,Real Madrid,2165,-3,2162
2019-04-14,Valencia CF,2113,5,2118,Levante UD,1919,-5,1914
2019-04-14,Real Sociedad,1980,-3,1977,SD Eibar,1959,3,1962
2019-04-14,Girona FC,1910,-11,1899,Villarreal CF,1977,11,1988
2019-04-14,Real Valladolid,1829,3,1832,Getafe CF,2024,-3,2021
2019-04-14,Athletic Bilbao,2011,3,2014,Rayo Vallecano,1825,-3,1822
2019-04-13,SD Huesca,1814,9,1823,FC Barcelona,2352,-9,2343
2019-04-13,Atlético Madrid,2197,3,2200,Celta Vigo,1917,-3,1914
2019-04-13,Sevilla FC,2069,5,2074,Real Betis,1964,-5,1959
2019-04-13,Espanyol Barcelona,1946,8,1954,CD Alavés,1970,-8,1962
2019-04-07,Getafe CF,2017,7,2024,Athletic Bilbao,2018,-7,2011
2019-04-07,Real Betis,1955,9,1964,Villarreal CF,2005,-9,1996
2019-04-07,CD Alavés,1973,-3,1970,CD Leganés,1955,3,1958
2019-04-07,Real Valladolid,1839,-10,1829,Sevilla FC,2059,10,2069
2019-04-07,Celta Vigo,1902,15,1917,Real Sociedad,1995,-15,1980
2019-04-07,Levante UD,1925,-6,1919,SD Huesca,1808,6,1814
2019-04-06,FC Barcelona,2333,6,2339,Atlético Madrid,2203,-6,2197
2019-04-06,Real Madrid,2162,3,2165,SD Eibar,1962,-3,1959
2019-04-06,Rayo Vallecano,1802,23,1825,Valencia CF,2117,-23,2094
2019-04-06,Girona FC,1923,-13,1910,Espanyol Barcelona,1933,13,1946
2019-04-04,Sevilla FC,2051,8,2059,CD Alavés,1981,-8,1973
2019-04-04,Real Sociedad,1988,7,1995,Real Betis,1962,-7,1955
2019-04-04,CD Leganés,1950,5,1955,Real Valladolid,1844,-5,1839
2019-04-03,Valencia CF,2108,9,2117,Real Madrid,2171,-9,2162
2019-04-03,Athletic Bilbao,2013,5,2018,Levante UD,1930,-5,1925
2019-04-03,SD Eibar,1958,4,1962,Rayo Vallecano,1806,-4,1802
2019-04-03,SD Huesca,1808,0,1808,Celta Vigo,1902,0,1902
2019-04-02,Villarreal CF,1999,6,2005,FC Barcelona,2339,-6,2333
2019-04-02,Atlético Madrid,2200,3,2203,Girona FC,1926,-3,1923
2019-04-02,Espanyol Barcelona,1934,-1,1933,Getafe CF,2016,1,2017
2019-03-31,Sevilla FC,2063,-12,2051,Valencia CF,2096,12,2108
2019-03-31,Real Madrid,2170,1,2171,SD Huesca,1809,-1,1808
2019-03-31,Levante UD,1932,-2,1930,SD Eibar,1956,2,1958
2019-03-31,Real Valladolid,1843,1,1844,Real Sociedad,1989,-1,1988
2019-03-31,Rayo Vallecano,1804,2,1806,Real Betis,1964,-2,1962
2019-03-30,FC Barcelona,2337,2,2339,Espanyol Barcelona,1936,-2,1934
2019-03-30,CD Alavés,1995,-14,1981,Atlético Madrid,2186,14,2200
2019-03-30,Getafe CF,2039,-23,2016,CD Leganés,1927,23,1950
2019-03-30,Celta Vigo,1892,10,1902,Villarreal CF,2009,-10,1999
2019-03-29,Girona FC,1937,-11,1926,Athletic Bilbao,2002,11,2013
2019-03-17,Real Betis,1970,-6,1964,FC Barcelona,2331,6,2337
2019-03-17,Valencia CF,2100,-4,2096,Getafe CF,2035,4,2039
2019-03-17,Espanyol Barcelona,1946,-10,1936,Sevilla FC,2053,10,2063
2019-03-17,Villarreal CF,2004,5,2009,Rayo Vallecano,1809,-5,1804
2019-03-17,SD Eibar,1972,-16,1956,Real Valladolid,1827,16,1843
2019-03-16,Athletic Bilbao,1982,20,2002,Atlético Madrid,2206,-20,2186
2019-03-16,Real Madrid,2167,3,2170,Celta Vigo,1895,-3,1892
2019-03-16,CD Leganés,1947,-20,1927,Girona FC,1917,20,1937
2019-03-16,SD Huesca,1821,-12,1809,CD Alavés,1983,12,1995
2019-03-15,Real Sociedad,1993,-4,1989,Levante UD,1928,4,1932
2019-03-10,Sevilla FC,2054,10,2064,Real Sociedad,2003,-10,1993
2019-03-10,Girona FC,1925,-8,1917,Valencia CF,2094,8,2102
2019-03-10,Real Valladolid,1834,-7,1827,Real Madrid,2160,7,2167
2019-03-10,Levante UD,1946,-18,1928,Villarreal CF,1979,18,1997
2019-03-10,Celta Vigo,1906,-11,1895,Real Betis,1959,11,1970
2019-03-09,Atlético Madrid,2219,2,2221,CD Leganés,1949,-2,1947
2019-03-09,FC Barcelona,2324,1,2325,Rayo Vallecano,1810,-1,1809
2019-03-09,CD Alavés,1986,-3,1983,SD Eibar,1969,3,1972
2019-03-09,Getafe CF,2032,3,2035,SD Huesca,1824,-3,1821
2019-03-08,Athletic Bilbao,1986,-4,1982,Espanyol Barcelona,1942,4,1946
2019-03-04,CD Leganés,1942,7,1949,Levante UD,1953,-7,1946
2019-03-03,Real Sociedad,2014,-11,2003,Atlético Madrid,2208,11,2219
2019-03-03,Valencia CF,2081,8,2089,Athletic Bilbao,1994,-8,1986
2019-03-03,Real Betis,1970,-11,1959,Getafe CF,2021,11,2032
2019-03-03,SD Eibar,1963,6,1969,Celta Vigo,1912,-6,1906
2019-03-02,Real Madrid,2211,-10,2201,FC Barcelona,2314,10,2324
2019-03-02,Villarreal CF,1969,-13,1956,CD Alavés,1973,13,1986
2019-03-02,SD Huesca,1810,14,1824,Sevilla FC,2073,-14,2059
2019-03-02,Espanyol Barcelona,1935,7,1942,Real Valladolid,1841,-7,1834
2019-03-01,Rayo Vallecano,1826,-16,1810,Girona FC,1909,16,1925
2019-02-25,Girona FC,1909,0,1909,Real Sociedad,2014,0,2014
2019-02-24,Levante UD,1959,-6,1953,Real Madrid,2224,6,2230
2019-02-24,Atlético Madrid,2204,4,2208,Villarreal CF,1973,-4,1969
2019-02-24,CD Leganés,1941,1,1942,Valencia CF,2077,-1,2076
2019-02-24,Real Valladolid,1856,-15,1841,Real Betis,1960,15,1975
2019-02-23,Sevilla FC,2084,-11,2073,FC Barcelona,2284,11,2295
2019-02-23,Athletic Bilbao,1987,7,1994,SD Eibar,1970,-7,1963
2019-02-23,CD Alavés,1978,-5,1973,Celta Vigo,1907,5,1912
2019-02-23,Getafe CF,2018,3,2021,Rayo Vallecano,1829,-3,1826
2019-02-22,Espanyol Barcelona,1941,-6,1935,SD Huesca,1804,6,1810
2019-02-18,SD Huesca,1812,-8,1804,Athletic Bilbao,1979,8,1987
2019-02-17,Real Madrid,2243,-19,2224,Girona FC,1890,19,1909
2019-02-17,Villarreal CF,1957,19,1976,Sevilla FC,2094,-19,2075
2019-02-17,Valencia CF,2078,-6,2072,Espanyol Barcelona,1935,6,1941
2019-02-17,Real Betis,1991,-3,1988,CD Alavés,1975,3,1978
2019-02-16,FC Barcelona,2288,1,2289,Real Valladolid,1857,-1,1856
2019-02-16,Rayo Vallecano,1833,-4,1829,Atlético Madrid,2176,4,2180
2019-02-16,Real Sociedad,2004,10,2014,CD Leganés,1951,-10,1941
2019-02-16,Celta Vigo,1929,-22,1907,Levante UD,1937,22,1959
2019-02-15,SD Eibar,1972,-2,1970,Getafe CF,2016,2,2018
2019-02-11,CD Alavés,1965,10,1975,Levante UD,1947,-10,1937
2019-02-10,Athletic Bilbao,1973,6,1979,FC Barcelona,2294,-6,2288
2019-02-10,Valencia CF,2064,-4,2060,Real Sociedad,2000,4,2004
2019-02-10,Sevilla FC,2086,-6,2080,SD Eibar,1966,6,1972
2019-02-10,CD Leganés,1935,16,1951,Real Betis,2006,-16,1990
2019-02-09,Atlético Madrid,2194,-18,2176,Real Madrid,2212,18,2230
2019-02-09,Getafe CF,2008,8,2016,Celta Vigo,1937,-8,1929
2019-02-09,Espanyol Barcelona,1930,5,1935,Rayo Vallecano,1838,-5,1833
2019-02-09,Girona FC,1914,-24,1890,SD Huesca,1788,24,1812
2019-02-08,Real Valladolid,1857,0,1857,Villarreal CF,1940,0,1940
2019-02-04,Rayo Vallecano,1849,-11,1838,CD Leganés,1924,11,1935
2019-02-03,Real Betis,1994,13,2007,Atlético Madrid,2207,-13,2194
2019-02-03,Real Madrid,2203,4,2207,CD Alavés,1969,-4,1965
2019-02-03,SD Eibar,1955,11,1966,Girona FC,1925,-11,1914
2019-02-03,Villarreal CF,1943,-3,1940,Espanyol Barcelona,1927,3,1930
2019-02-02,FC Barcelona,2307,-8,2299,Valencia CF,2055,8,2063
2019-02-02,Celta Vigo,1925,12,1937,Sevilla FC,2098,-12,2086
2019-02-02,Real Sociedad,1993,7,2000,Athletic Bilbao,1980,-7,1973
2019-02-02,Levante UD,1948,-1,1947,Getafe CF,2007,1,2008
2019-02-01,SD Huesca,1769,19,1788,Real Valladolid,1876,-19,1857
2019-01-28,CD Alavés,1985,-16,1969,Rayo Vallecano,1833,16,1849
2019-01-27,Girona FC,1940,-6,1934,FC Barcelona,2295,6,2301
2019-01-27,Espanyol Barcelona,1945,-9,1936,Real Madrid,2185,9,2194
2019-01-27,Athletic Bilbao,1972,8,1980,Real Betis,1993,-8,1985
2019-01-27,Real Valladolid,1867,9,1876,Celta Vigo,1934,-9,1925
2019-01-27,Real Sociedad,2001,-8,1993,SD Huesca,1761,8,1769
2019-01-26,Atlético Madrid,2202,5,2207,Getafe CF,2022,-5,2017
2019-01-26,Sevilla FC,2096,8,2104,Levante UD,1956,-8,1948
2019-01-26,Valencia CF,2036,9,2045,Villarreal CF,1952,-9,1943
2019-01-26,CD Leganés,1926,-2,1924,SD Eibar,1953,2,1955
2019-01-21,SD Eibar,1939,14,1953,Espanyol Barcelona,1961,-14,1947
2019-01-20,FC Barcelona,2314,2,2316,CD Leganés,1928,-2,1926
2019-01-20,Real Betis,1985,6,1991,Girona FC,1950,-6,1944
2019-01-20,Villarreal CF,1954,-2,1952,Athletic Bilbao,1970,2,1972
2019-01-20,Rayo Vallecano,1831,2,1833,Real Sociedad,2003,-2,2001
2019-01-20,Levante UD,1948,8,1956,Real Valladolid,1875,-8,1867
2019-01-19,Real Madrid,2173,8,2181,Sevilla FC,2083,-8,2075
2019-01-19,Celta Vigo,1944,-10,1934,Valencia CF,2034,10,2044
2019-01-19,SD Huesca,1765,-4,1761,Atlético Madrid,2198,4,2202
2019-01-18,Getafe CF,2001,13,2014,CD Alavés,1998,-13,1985
2019-01-14,Real Sociedad,2000,6,2006,Espanyol Barcelona,1956,-6,1950
2019-01-13,FC Barcelona,2310,2,2312,SD Eibar,1941,-2,1939
2019-01-13,Real Betis,1989,-7,1982,Real Madrid,2181,7,2188
2019-01-13,Atlético Madrid,2204,2,2206,Levante UD,1952,-2,1950
2019-01-13,Athletic Bilbao,1936,18,1954,Sevilla FC,2117,-18,2099
2019-01-12,Villarreal CF,1977,-12,1965,Getafe CF,1990,12,2002
2019-01-12,Girona FC,1943,-1,1942,CD Alavés,1997,1,1998
2019-01-12,Valencia CF,2036,-6,2030,Real Valladolid,1868,6,1874
2019-01-12,CD Leganés,1909,4,1913,SD Huesca,1769,-4,1765
2019-01-11,Rayo Vallecano,1814,17,1831,Celta Vigo,1961,-17,1944
2019-01-07,Celta Vigo,1975,-14,1961,Athletic Bilbao,1935,14,1949
2019-01-06,Sevilla FC,2104,0,2104,Atlético Madrid,2209,0,2209
2019-01-06,Getafe CF,1989,-4,1985,FC Barcelona,2323,4,2327
2019-01-06,Real Madrid,2203,-26,2177,Real Sociedad,1971,26,1997
2019-01-06,SD Eibar,1943,-2,1941,Villarreal CF,1979,2,1981
2019-01-05,CD Alavés,1988,9,1997,Valencia CF,2059,-9,2050
2019-01-05,SD Huesca,1755,14,1769,Real Betis,2006,-14,1992
2019-01-05,Real Valladolid,1888,-15,1873,Rayo Vallecano,1799,15,1814
2019-01-04,Levante UD,1938,-3,1935,Girona FC,1935,3,1938
2019-01-04,Espanyol Barcelona,1945,7,1952,CD Leganés,1920,-7,1913
2019-01-03,Villarreal CF,1975,4,1979,Real Madrid,2207,-4,2203
2018-12-23,CD Leganés,1918,2,1920,Sevilla FC,2106,-2,2104
2018-12-23,Valencia CF,2057,2,2059,SD Huesca,1757,-2,1755
2018-12-23,Rayo Vallecano,1787,12,1799,Levante UD,1950,-12,1938
2018-12-22,FC Barcelona,2321,2,2323,Celta Vigo,1977,-2,1975
2018-12-22,Atlético Madrid,2207,2,2209,Espanyol Barcelona,1947,-2,1945
2018-12-22,Real Betis,2011,-5,2006,SD Eibar,1938,5,1943
2018-12-22,Athletic Bilbao,1939,-4,1935,Real Valladolid,1884,4,1888
2018-12-21,Real Sociedad,1984,-13,1971,CD Alavés,1975,13,1988
2018-12-21,Girona FC,1936,-1,1935,Getafe CF,1988,1,1989
2018-12-17,CD Alavés,1979,-4,1975,Athletic Bilbao,1935,4,1939
2018-12-16,Levante UD,1957,-7,1950,FC Barcelona,2314,7,2321
2018-12-16,Sevilla FC,2100,6,2106,Girona FC,1942,-6,1936
2018-12-16,Espanyol Barcelona,1965,-18,1947,Real Betis,1993,18,2011
2018-12-16,SD Huesca,1754,3,1757,Villarreal CF,1978,-3,1975
2018-12-15,Real Valladolid,1888,-4,1884,Atlético Madrid,2203,4,2207
2018-12-15,SD Eibar,1937,1,1938,Valencia CF,2058,-1,2057
2018-12-15,Real Madrid,2206,1,2207,Rayo Vallecano,1788,-1,1787
2018-12-15,Getafe CF,1981,7,1988,Real Sociedad,1991,-7,1984
2018-12-14,Celta Vigo,1981,-4,1977,CD Leganés,1914,4,1918
2018-12-10,Athletic Bilbao,1927,8,1935,Girona FC,1950,-8,1942
2018-12-09,SD Huesca,1756,-2,1754,Real Madrid,2251,2,2253
2018-12-09,SD Eibar,1939,-2,1937,Levante UD,1955,2,1957
2018-12-09,Real Sociedad,2007,-16,1991,Real Valladolid,1872,16,1888
2018-12-09,Real Betis,1999,4,2003,Rayo Vallecano,1792,-4,1788
2018-12-08,Espanyol Barcelona,1972,-7,1965,FC Barcelona,2316,7,2323
2018-12-08,Atlético Madrid,2206,5,2211,CD Alavés,1984,-5,1979
2018-12-08,Valencia CF,2045,-2,2043,Sevilla FC,2088,2,2090
2018-12-08,Villarreal CF,1981,-13,1968,Celta Vigo,1968,13,1981
2018-12-07,CD Leganés,1915,-1,1914,Getafe CF,1980,1,1981
2018-12-03,Levante UD,1940,12,1952,Athletic Bilbao,1922,-12,1910
2018-12-02,FC Barcelona,2314,2,2316,Villarreal CF,1978,-2,1976
2018-12-02,Girona FC,1936,5,1941,Atlético Madrid,2210,-5,2205
2018-12-02,CD Alavés,1993,0,1993,Sevilla FC,2088,0,2088
2018-12-02,Real Betis,1987,8,1995,Real Sociedad,2005,-8,1997
2018-12-01,Real Madrid,2245,5,2250,Valencia CF,2050,-5,2045
2018-12-01,Getafe CF,1964,13,1977,Espanyol Barcelona,1981,-13,1968
2018-12-01,Real Valladolid,1887,-19,1868,CD Leganés,1886,19,1905
2018-12-01,Celta Vigo,1973,5,1978,SD Huesca,1778,-5,1773
2018-11-30,Rayo Vallecano,1790,12,1802,SD Eibar,1957,-12,1945
2018-11-26,Real Sociedad,1998,7,2005,Celta Vigo,1980,-7,1973
2018-11-25,Sevilla FC,2102,3,2105,Real Valladolid,1890,-3,1887
2018-11-25,Villarreal CF,1972,8,1980,Real Betis,1988,-8,1980
2018-11-25,Espanyol Barcelona,2003,-22,1981,Girona FC,1914,22,1936
2018-11-25,Athletic Bilbao,1915,-1,1914,Getafe CF,1963,1,1964
2018-11-24,Atlético Madrid,2207,0,2207,FC Barcelona,2307,0,2307
2018-11-24,SD Eibar,1930,27,1957,Real Madrid,2249,-27,2222
2018-11-24,Valencia CF,2049,4,2053,Rayo Vallecano,1794,-4,1790
2018-11-24,SD Huesca,1784,2,1786,Levante UD,1942,-2,1940
2018-11-23,CD Leganés,1875,11,1886,CD Alavés,2004,-11,1993
2018-11-11,FC Barcelona,2326,-19,2307,Real Betis,1969,19,1988
2018-11-11,Celta Vigo,1989,-9,1980,Real Madrid,2240,9,2249
2018-11-11,Sevilla FC,2097,5,2102,Espanyol Barcelona,2008,-5,2003
2018-11-11,CD Alavés,2001,3,2004,SD Huesca,1787,-3,1784
2018-11-11,Rayo Vallecano,1792,2,1794,Villarreal CF,1974,-2,1972
2018-11-10,Atlético Madrid,2205,2,2207,Athletic Bilbao,1917,-2,1915
2018-11-10,Getafe CF,1974,-11,1963,Valencia CF,2038,11,2049
2018-11-10,Real Valladolid,1892,-2,1890,SD Eibar,1928,2,1930
2018-11-10,Girona FC,1918,-4,1914,CD Leganés,1871,4,1875
2018-11-09,Levante UD,1960,-18,1942,Real Sociedad,1980,18,1998
2018-11-05,Espanyol Barcelona,2003,5,2008,Athletic Bilbao,1922,-5,1917
2018-11-04,Real Sociedad,1980,0,1980,Sevilla FC,2094,0,2094
2018-11-04,Real Betis,1972,-2,1970,Celta Vigo,1987,2,1989
2018-11-04,Villarreal CF,1980,-3,1977,Levante UD,1957,3,1960
2018-11-04,SD Eibar,1918,10,1928,CD Alavés,2011,-10,2001
2018-11-04,SD Huesca,1784,3,1787,Getafe CF,1977,-3,1974
2018-11-03,Rayo Vallecano,1793,-1,1792,FC Barcelona,2330,1,2331
2018-11-03,Real Madrid,2225,2,2227,Real Valladolid,1894,-2,1892
2018-11-03,CD Leganés,1865,6,1871,Atlético Madrid,2197,-6,2191
2018-11-03,Valencia CF,2039,-16,2023,Girona FC,1902,16,1918
2018-10-28,FC Barcelona,2319,10,2329,Real Madrid,2233,-10,2223
2018-10-28,CD Alavés,2010,7,2017,Villarreal CF,1991,-7,1984
2018-10-28,Getafe CF,1961,11,1972,Real Betis,1977,-11,1966
2018-10-28,Sevilla FC,2092,2,2094,SD Huesca,1786,-2,1784
2018-10-27,Atlético Madrid,2191,4,2195,Real Sociedad,1981,-4,1977
2018-10-27,Athletic Bilbao,1921,1,1922,Valencia CF,2040,-1,2039
2018-10-27,Celta Vigo,1978,12,1990,SD Eibar,1948,-12,1936
2018-10-27,Levante UD,1954,8,1962,CD Leganés,1878,-8,1870
2018-10-27,Girona FC,1891,5,1896,Rayo Vallecano,1793,-5,1788
2018-10-26,Real Valladolid,1886,1,1887,Espanyol Barcelona,2018,-1,2017
2018-10-24,Rayo Vallecano,1792,1,1793,Athletic Bilbao,1922,-1,1921
2018-10-22,Real Sociedad,1986,-5,1981,Girona FC,1886,5,1891
2018-10-21,SD Eibar,1952,-4,1948,Athletic Bilbao,1918,4,1922
2018-10-21,Real Betis,1974,-15,1959,Real Valladolid,1871,15,1886
2018-10-21,SD Huesca,1796,-10,1786,Espanyol Barcelona,2008,10,2018
2018-10-21,Rayo Vallecano,1801,-9,1792,Getafe CF,1952,9,1961
2018-10-20,FC Barcelona,2309,4,2313,Sevilla FC,2093,-4,2089
2018-10-20,Villarreal CF,1980,4,1984,Atlético Madrid,2223,-4,2219
2018-10-20,Real Madrid,2249,-18,2231,Levante UD,1936,18,1954
2018-10-20,Valencia CF,2045,-7,2038,CD Leganés,1871,7,1878
2018-10-19,Celta Vigo,1991,-13,1978,CD Alavés,1997,13,2010
2018-10-07,Valencia CF,2040,5,2045,FC Barcelona,2314,-5,2309
2018-10-07,Atlético Madrid,2221,2,2223,Real Betis,1976,-2,1974
2018-10-07,Sevilla FC,2088,5,2093,Celta Vigo,1996,-5,1991
2018-10-07,Espanyol Barcelona,1998,10,2008,Villarreal CF,1990,-10,1980
2018-10-07,Real Valladolid,1865,6,1871,SD Huesca,1802,-6,1796
2018-10-06,CD Alavés,1982,15,1997,Real Madrid,2264,-15,2249
2018-10-06,Getafe CF,1966,-14,1952,Levante UD,1922,14,1936
2018-10-06,Girona FC,1898,-12,1886,SD Eibar,1940,12,1952
2018-10-06,CD Leganés,1865,6,1871,Rayo Vallecano,1807,-6,1801
2018-10-05,Athletic Bilbao,1936,-18,1918,Real Sociedad,1968,18,1986
2018-10-01,Celta Vigo,2000,-4,1996,Getafe CF,1962,4,1966
2018-09-30,Levante UD,1913,9,1922,CD Alavés,1991,-9,1982
2018-09-30,Villarreal CF,2004,-16,1988,Real Valladolid,1849,16,1865
2018-09-30,Real Betis,1969,5,1974,CD Leganés,1870,-5,1865
2018-09-30,SD Huesca,1802,0,1802,Girona FC,1898,0,1898
2018-09-29,Real Madrid,2291,-5,2286,Atlético Madrid,2212,5,2217
2018-09-29,FC Barcelona,2301,-9,2292,Athletic Bilbao,1927,9,1936
2018-09-29,SD Eibar,1953,-13,1940,Sevilla FC,2089,13,2102
2018-09-29,Real Sociedad,1980,-12,1968,Valencia CF,2020,12,2032
2018-09-28,Rayo Vallecano,1804,3,1807,Espanyol Barcelona,2001,-3,1998
2018-09-27,CD Alavés,1995,-4,1991,Getafe CF,1958,4,1962
2018-09-27,Girona FC,1909,-11,1898,Real Betis,1958,11,1969
2018-09-27,Real Valladolid,1839,10,1849,Levante UD,1923,-10,1913
2018-09-26,Sevilla FC,2064,25,2089,Real Madrid,2316,-25,2291
2018-09-26,CD Leganés,1852,18,1870,FC Barcelona,2319,-18,2301
2018-09-26,Valencia CF,2024,-4,2020,Celta Vigo,1996,4,2000
2018-09-26,Athletic Bilbao,1948,-21,1927,Villarreal CF,1983,21,2004
2018-09-25,Atlético Madrid,2210,2,2212,SD Huesca,1804,-2,1802
2018-09-25,Espanyol Barcelona,1995,6,2001,SD Eibar,1959,-6,1953
2018-09-25,Real Sociedad,1987,-7,1980,Rayo Vallecano,1797,7,1804
2018-09-23,FC Barcelona,2328,-9,2319,Girona FC,1900,9,1909
2018-09-23,Villarreal CF,1985,-2,1983,Valencia CF,2022,2,2024
2018-09-23,Levante UD,1942,-19,1923,Sevilla FC,2045,19,2064
2018-09-23,Real Betis,1961,-3,1958,Athletic Bilbao,1945,3,1948
2018-09-22,Real Madrid,2314,2,2316,Espanyol Barcelona,1997,-2,1995
2018-09-22,Getafe CF,1968,-10,1958,Atlético Madrid,2200,10,2210
2018-09-22,Celta Vigo,2002,-6,1996,Real Valladolid,1833,6,1839
2018-09-22,SD Eibar,1954,5,1959,CD Leganés,1857,-5,1852
2018-09-22,Rayo Vallecano,1812,-15,1797,CD Alavés,1980,15,1995
2018-09-21,SD Huesca,1812,-8,1804,Real Sociedad,1979,8,1987
2018-09-17,Girona FC,1889,11,1900,Celta Vigo,2013,-11,2002
2018-09-16,Sevilla FC,2059,-23,2036,Getafe CF,1945,23,1968
2018-09-16,Espanyol Barcelona,1991,6,1997,Levante UD,1948,-6,1942
2018-09-16,CD Leganés,1867,-10,1857,Villarreal CF,1983,10,1993
2018-09-16,Real Valladolid,1842,-9,1833,CD Alavés,1971,9,1980
2018-09-15,Real Sociedad,1983,-4,1979,FC Barcelona,2319,4,2323
2018-09-15,Athletic Bilbao,1938,7,1945,Real Madrid,2311,-7,2304
2018-09-15,Atlético Madrid,2197,-8,2189,SD Eibar,1946,8,1954
2018-09-15,Valencia CF,2039,-5,2034,Real Betis,1954,5,1959
2018-09-14,SD Huesca,1826,-14,1812,Rayo Vallecano,1798,14,1812
2018-09-02,FC Barcelona,2318,1,2319,SD Huesca,1827,-1,1826
2018-09-02,Real Betis,1943,11,1954,Sevilla FC,2070,-11,2059
2018-09-02,Levante UD,1948,0,1948,Valencia CF,2039,0,2039
2018-09-02,CD Alavés,1963,8,1971,Espanyol Barcelona,1999,-8,1991
2018-09-01,Celta Vigo,1993,20,2013,Atlético Madrid,2217,-20,2197
2018-09-01,Real Madrid,2310,1,2311,CD Leganés,1868,-1,1867
2018-08-31,SD Eibar,1937,9,1946,Real Sociedad,1992,-9,1983
2018-08-31,Villarreal CF,1999,-16,1983,Girona FC,1873,16,1889
2018-08-31,Getafe CF,1951,-6,1945,Real Valladolid,1836,6,1842
2018-08-27,Levante UD,1960,-12,1948,Celta Vigo,1981,12,1993
2018-08-27,Athletic Bilbao,1944,-6,1938,SD Huesca,1821,6,1827
2018-08-26,Girona FC,1878,-5,1873,Real Madrid,2305,5,2310
2018-08-26,Sevilla FC,2072,-5,2067,Villarreal CF,1994,5,1999
2018-08-26,Espanyol Barcelona,1985,14,1999,Valencia CF,2053,-14,2039
2018-08-25,Real Valladolid,1838,-2,1836,FC Barcelona,2316,2,2318
2018-08-25,Atlético Madrid,2216,1,2217,Rayo Vallecano,1799,-1,1798
2018-08-25,CD Alavés,1966,-3,1963,Real Betis,1940,3,1943
2018-08-24,Getafe CF,1940,11,1951,SD Eibar,1948,-11,1937
2018-08-24,CD Leganés,1867,1,1868,Real Sociedad,1993,-1,1992
2018-08-20,Valencia CF,2051,2,2053,Atlético Madrid,2218,-2,2216
2018-08-20,Athletic Bilbao,1938,6,1944,CD Leganés,1873,-6,1867
2018-08-19,Real Madrid,2303,2,2305,Getafe CF,1942,-2,1940
2018-08-19,Rayo Vallecano,1810,-11,1799,Sevilla FC,2056,11,2067
2018-08-19,SD Eibar,1964,-16,1948,SD Huesca,1805,16,1821
2018-08-18,FC Barcelona,2313,3,2316,CD Alavés,1969,-3,1966
2018-08-18,Villarreal CF,2008,-14,1994,Real Sociedad,1979,14,1993
2018-08-18,Celta Vigo,1984,-3,1981,Espanyol Barcelona,1982,3,1985
2018-08-17,Real Betis,1964,-24,1940,Levante UD,1936,24,1960
2018-08-17,Girona FC,1882,-4,1878,Real Valladolid,1834,4,1838
2020-06-30,FC Barcelona,2245,-4,2241,Atlético Madrid,2188,4,2192
2020-06-30,CD Leganés,1878,-13,1865,Sevilla FC,2062,13,2075
2020-06-30,RCD Mallorca,1792,21,1813,Celta Vigo,1942,-21,1921
2020-06-29,Getafe CF,2035,7,2042,Real Sociedad,2026,-7,2019
2020-06-28,Espanyol Barcelona,1905,-5,1900,Real Madrid,2194,5,2199
2020-06-28,Villarreal CF,2013,11,2024,Valencia CF,2012,-11,2001
2020-06-28,Levante UD,1947,11,1958,Real Betis,1958,-11,1947
2020-06-28,Granada CF,1959,-14,1945,SD Eibar,1914,14,1928
2020-06-27,Celta Vigo,1936,6,1942,FC Barcelona,2251,-6,2245
2020-06-27,Atlético Madrid,2186,2,2188,CD Alavés,1897,-2,1895
2020-06-27,Athletic Bilbao,2008,4,2012,RCD Mallorca,1796,-4,1792
2020-06-27,CA Osasuna,1917,6,1923,CD Leganés,1884,-6,1878
2020-06-26,Sevilla FC,2069,-7,2062,Real Valladolid,1885,7,1892
2020-06-25,SD Eibar,1903,11,1914,Valencia CF,2023,-11,2012
2020-06-25,Real Betis,1952,6,1958,Espanyol Barcelona,1911,-6,1905
2020-06-24,Real Madrid,2192,2,2194,RCD Mallorca,1798,-2,1796
2020-06-24,Real Sociedad,2042,-16,2026,Celta Vigo,1920,16,1936
2020-06-24,CD Alavés,1910,-13,1897,CA Osasuna,1904,13,1917
2020-06-23,FC Barcelona,2249,2,2251,Athletic Bilbao,2010,-2,2008
2020-06-23,Levante UD,1954,-7,1947,Atlético Madrid,2179,7,2186
2020-06-23,Real Valladolid,1884,1,1885,Getafe CF,2036,-1,2035
2020-06-22,Villarreal CF,2014,-1,2013,Sevilla FC,2068,1,2069
2020-06-22,CD Leganés,1885,-1,1884,Granada CF,1958,1,1959
2020-06-21,Real Sociedad,2051,-9,2042,Real Madrid,2183,9,2192
2020-06-21,Valencia CF,2016,7,2023,CA Osasuna,1911,-7,1904
2020-06-21,Celta Vigo,1903,17,1920,CD Alavés,1927,-17,1910
2020-06-20,Atlético Madrid,2177,2,2179,Real Valladolid,1886,-2,1884
2020-06-20,Athletic Bilbao,2004,6,2010,Real Betis,1958,-6,1952
2020-06-20,Getafe CF,2042,-6,2036,SD Eibar,1897,6,1903
2020-06-20,Espanyol Barcelona,1930,-19,1911,Levante UD,1935,19,1954
2020-06-19,Sevilla FC,2066,2,2068,FC Barcelona,2251,-2,2249
2020-06-19,Granada CF,1970,-12,1958,Villarreal CF,2002,12,2014
2020-06-19,RCD Mallorca,1798,0,1798,CD Leganés,1885,0,1885
2020-06-18,Real Madrid,2176,7,2183,Valencia CF,2023,-7,2016
2020-06-18,CD Alavés,1910,17,1927,Real Sociedad,2068,-17,2051
2020-06-17,CA Osasuna,1923,-12,1911,Atlético Madrid,2165,12,2177
2020-06-17,SD Eibar,1897,0,1897,Athletic Bilbao,2004,0,2004
2020-06-17,Real Valladolid,1888,-2,1886,Celta Vigo,1901,2,1903
2020-06-16,FC Barcelona,2249,2,2251,CD Leganés,1887,-2,1885
2020-06-16,Getafe CF,2048,-6,2042,Espanyol Barcelona,1924,6,1930
2020-06-16,Villarreal CF,1999,3,2002,RCD Mallorca,1801,-3,1798
2020-06-15,Levante UD,1934,1,1935,Sevilla FC,2067,-1,2066
2020-06-15,Real Betis,1961,-3,1958,Granada CF,1967,3,1970
2020-06-14,Athletic Bilbao,2002,2,2004,Atlético Madrid,2167,-2,2165
2020-06-14,Real Madrid,2173,3,2176,SD Eibar,1900,-3,1897
2020-06-14,Real Sociedad,2074,-6,2068,CA Osasuna,1917,6,1923
2020-06-13,RCD Mallorca,1806,-5,1801,FC Barcelona,2244,5,2249
2020-06-13,Celta Vigo,1912,-11,1901,Villarreal CF,1988,11,1999
2020-06-13,Espanyol Barcelona,1913,11,1924,CD Alavés,1921,-11,1910
2020-06-13,CD Leganés,1901,-14,1887,Real Valladolid,1874,14,1888
2020-06-12,Granada CF,1957,10,1967,Getafe CF,2058,-10,2048
2020-06-12,Valencia CF,2028,-5,2023,Levante UD,1929,5,1934
2020-06-11,Sevilla FC,2060,7,2067,Real Betis,1968,-7,1961
2020-03-10,SD Eibar,1908,-8,1900,Real Sociedad,2066,8,2074
2020-03-08,Real Betis,1954,14,1968,Real Madrid,2187,-14,2173
2020-03-08,Villarreal CF,2004,-16,1988,CD Leganés,1885,16,1901
2020-03-08,Levante UD,1931,-2,1929,Granada CF,1955,2,1957
2020-03-08,Real Valladolid,1892,-18,1874,Athletic Bilbao,1984,18,2002
2020-03-08,CA Osasuna,1910,7,1917,Espanyol Barcelona,1920,-7,1913
2020-03-07,FC Barcelona,2241,3,2244,Real Sociedad,2069,-3,2066
2020-03-07,Atlético Madrid,2148,-5,2143,Sevilla FC,2055,5,2060
2020-03-07,Getafe CF,2064,-6,2058,Celta Vigo,1906,6,1912
2020-03-07,SD Eibar,1924,-16,1908,RCD Mallorca,1790,16,1806
2020-03-06,CD Alavés,1920,1,1921,Valencia CF,2045,-1,2044
2020-03-01,Real Madrid,2173,14,2187,FC Barcelona,2255,-14,2241
2020-03-01,Espanyol Barcelona,1916,4,1920,Atlético Madrid,2152,-4,2148
2020-03-01,Athletic Bilbao,1984,8,1992,Villarreal CF,2012,-8,2004
2020-03-01,Sevilla FC,2051,4,2055,CA Osasuna,1914,-4,1910
2020-03-01,RCD Mallorca,1796,-6,1790,Getafe CF,2058,6,2064
2020-02-29,Valencia CF,2040,5,2045,Real Betis,1959,-5,1954
2020-02-29,SD Eibar,1910,14,1924,Levante UD,1945,-14,1931
2020-02-29,Granada CF,1951,-4,1947,Celta Vigo,1902,4,1906
2020-02-29,CD Leganés,1887,-2,1885,CD Alavés,1918,2,1920
2020-02-28,Real Sociedad,2061,4,2065,Real Valladolid,1896,-4,1892
2020-02-23,Atlético Madrid,2146,6,2152,Villarreal CF,2018,-6,2012
2020-02-23,Getafe CF,2091,-25,2066,Sevilla FC,2033,25,2058
2020-02-23,CD Alavés,1908,10,1918,Athletic Bilbao,1994,-10,1984
2020-02-23,CA Osasuna,1937,-23,1914,Granada CF,1928,23,1951
2020-02-23,Real Valladolid,1888,8,1896,Espanyol Barcelona,1910,-8,1902
2020-02-22,FC Barcelona,2255,3,2258,SD Eibar,1913,-3,1910
2020-02-22,Levante UD,1930,15,1945,Real Madrid,2203,-15,2188
2020-02-22,Real Sociedad,2048,13,2061,Valencia CF,2053,-13,2040
2020-02-22,Celta Vigo,1895,7,1902,CD Leganés,1894,-7,1887
2020-02-21,Real Betis,1966,-7,1959,RCD Mallorca,1789,7,1796
2020-02-16,Real Madrid,2211,-8,2203,Celta Vigo,1887,8,1895
2020-02-16,Sevilla FC,2039,-6,2033,Espanyol Barcelona,1915,6,1921
2020-02-16,Athletic Bilbao,2009,-15,1994,CA Osasuna,1922,15,1937
2020-02-16,CD Leganés,1895,-1,1894,Real Betis,1965,1,1966
2020-02-15,FC Barcelona,2252,3,2255,Getafe CF,2077,-3,2074
2020-02-15,Villarreal CF,2013,5,2018,Levante UD,1935,-5,1930
2020-02-15,Granada CF,1921,7,1928,Real Valladolid,1895,-7,1888
2020-02-15,RCD Mallorca,1778,11,1789,CD Alavés,1919,-11,1908
2020-02-14,Valencia CF,2071,-1,2070,Atlético Madrid,2125,1,2126
2020-02-09,Real Betis,1970,-5,1965,FC Barcelona,2247,5,2252
2020-02-09,CA Osasuna,1932,-10,1922,Real Madrid,2201,10,2211
2020-02-09,Real Sociedad,2040,6,2046,Athletic Bilbao,2010,-6,2004
2020-02-09,Celta Vigo,1875,12,1887,Sevilla FC,2051,-12,2039
2020-02-09,Espanyol Barcelona,1911,4,1915,RCD Mallorca,1782,-4,1778
2020-02-08,Getafe CF,2063,14,2077,Valencia CF,2085,-14,2071
2020-02-08,Atlético Madrid,2122,3,2125,Granada CF,1929,-3,1926
2020-02-08,Real Valladolid,1894,1,1895,Villarreal CF,2014,-1,2013
2020-02-08,Levante UD,1925,10,1935,CD Leganés,1905,-10,1895
2020-02-07,CD Alavés,1912,7,1919,SD Eibar,1920,-7,1913
2020-02-02,FC Barcelona,2259,2,2261,Levante UD,1927,-2,1925
2020-02-02,Athletic Bilbao,2014,-18,1996,Getafe CF,2045,18,2063
2020-02-02,Villarreal CF,2028,8,2036,CA Osasuna,1940,-8,1932
2020-02-02,Sevilla FC,2057,-6,2051,CD Alavés,1906,6,1912
2020-02-02,CD Leganés,1894,11,1905,Real Sociedad,2034,-11,2023
2020-02-02,SD Eibar,1922,-2,1920,Real Betis,1968,2,1970
2020-02-01,Real Madrid,2213,5,2218,Atlético Madrid,2127,-5,2122
2020-02-01,Valencia CF,2094,3,2097,Celta Vigo,1878,-3,1875
2020-02-01,Granada CF,1910,7,1917,Espanyol Barcelona,1918,-7,1911
2020-02-01,RCD Mallorca,1792,-10,1782,Real Valladolid,1884,10,1894
2020-01-26,Real Valladolid,1888,-4,1884,Real Madrid,2204,4,2208
2020-01-26,Atlético Madrid,2135,-8,2127,CD Leganés,1889,8,1897
2020-01-26,Getafe CF,2039,6,2045,Real Betis,1974,-6,1968
2020-01-26,Real Sociedad,2021,5,2026,RCD Mallorca,1797,-5,1792
2020-01-26,Celta Vigo,1880,-2,1878,SD Eibar,1920,2,1922
2020-01-25,Valencia CF,2082,19,2101,FC Barcelona,2275,-19,2256
2020-01-25,Sevilla FC,2076,5,2081,Granada CF,1910,-5,1905
2020-01-25,Espanyol Barcelona,1918,0,1918,Athletic Bilbao,2020,0,2020
2020-01-25,CD Alavés,1916,-10,1906,Villarreal CF,2008,10,2018
2020-01-24,CA Osasuna,1937,11,1948,Levante UD,1938,-11,1927
2020-01-19,FC Barcelona,2274,1,2275,Granada CF,1895,-1,1894
2020-01-19,Real Betis,1960,16,1976,Real Sociedad,2029,-16,2013
2020-01-19,Villarreal CF,2010,-15,1995,Espanyol Barcelona,1911,15,1926
2020-01-19,Athletic Bilbao,2031,-6,2025,Celta Vigo,1886,6,1892
2020-01-19,RCD Mallorca,1781,28,1809,Valencia CF,2110,-28,2082
2020-01-18,Real Madrid,2200,4,2204,Sevilla FC,2074,-4,2070
2020-01-18,SD Eibar,1924,21,1945,Atlético Madrid,2174,-21,2153
2020-01-18,Levante UD,1958,-14,1944,CD Alavés,1902,14,1916
2020-01-18,CA Osasuna,1936,-4,1932,Real Valladolid,1897,4,1901
2020-01-17,CD Leganés,1906,-17,1889,Getafe CF,2022,17,2039
2020-01-05,Real Sociedad,2043,-14,2029,Villarreal CF,1996,14,2010
2020-01-05,CD Alavés,1903,-1,1902,Real Betis,1959,1,1960
2020-01-05,Celta Vigo,1888,-2,1886,CA Osasuna,1934,2,1936
2020-01-05,Granada CF,1890,5,1895,RCD Mallorca,1786,-5,1781
2020-01-04,Getafe CF,2060,-17,2043,Real Madrid,2172,17,2189
2020-01-04,Espanyol Barcelona,1904,7,1911,FC Barcelona,2295,-7,2288
2020-01-04,Atlético Madrid,2156,3,2159,Levante UD,1966,-3,1963
2020-01-04,Valencia CF,2119,3,2122,SD Eibar,1927,-3,1924
2020-01-03,Sevilla FC,2078,-4,2074,Athletic Bilbao,2027,4,2031
2020-01-03,Real Valladolid,1900,-3,1897,CD Leganés,1888,3,1891
2019-12-22,Real Madrid,2178,-6,2172,Athletic Bilbao,2021,6,2027
2019-12-22,Real Betis,1967,-8,1959,Atlético Madrid,2148,8,2156
2019-12-22,CA Osasuna,1944,-10,1934,Real Sociedad,2033,10,2043
2019-12-22,Levante UD,1958,8,1966,Celta Vigo,1896,-8,1888
2019-12-22,CD Leganés,1876,12,1888,Espanyol Barcelona,1916,-12,1904
2019-12-21,FC Barcelona,2293,2,2295,CD Alavés,1905,-2,1903
2019-12-21,Villarreal CF,1986,10,1996,Getafe CF,2070,-10,2060
2019-12-21,Real Valladolid,1897,3,1900,Valencia CF,2122,-3,2119
2019-12-21,RCD Mallorca,1794,-8,1786,Sevilla FC,2070,8,2078
2019-12-20,SD Eibar,1915,12,1927,Granada CF,1902,-12,1890
2019-12-18,FC Barcelona,2299,-6,2293,Real Madrid,2172,6,2178
2019-12-15,Valencia CF,2123,-1,2122,Real Madrid,2171,1,2172
2019-12-15,Sevilla FC,2086,-16,2070,Villarreal CF,1970,16,1986
2019-12-15,Getafe CF,2065,5,2070,Real Valladolid,1902,-5,1897
2019-12-15,Espanyol Barcelona,1918,-2,1916,Real Betis,1965,2,1967
2019-12-15,Celta Vigo,1901,-5,1896,RCD Mallorca,1789,5,1794
2019-12-14,Real Sociedad,2028,5,2033,FC Barcelona,2304,-5,2299
2019-12-14,Atlético Madrid,2143,5,2148,CA Osasuna,1942,-5,1937
2019-12-14,Athletic Bilbao,2027,-6,2021,SD Eibar,1909,6,1915
2019-12-14,Granada CF,1907,-12,1895,Levante UD,1946,12,1958
2019-12-13,CD Alavés,1931,-4,1927,CD Leganés,1872,4,1876
2019-12-08,CA Osasuna,1940,2,1942,Sevilla FC,2107,-2,2105
2019-12-08,Real Betis,1956,9,1965,Athletic Bilbao,2036,-9,2027
2019-12-08,SD Eibar,1918,-9,1909,Getafe CF,2045,9,2054
2019-12-08,Real Valladolid,1901,1,1902,Real Sociedad,2029,-1,2028
2019-12-08,CD Leganés,1864,8,1872,Celta Vigo,1909,-8,1901
2019-12-07,Real Madrid,2148,4,2152,Espanyol Barcelona,1939,-4,1935
2019-12-07,FC Barcelona,2290,1,2291,RCD Mallorca,1790,-1,1789
2019-12-07,Levante UD,1960,-14,1946,Valencia CF,2087,14,2101
2019-12-07,Granada CF,1892,15,1907,CD Alavés,1946,-15,1931
2019-12-06,Villarreal CF,1968,2,1970,Atlético Madrid,2140,-2,2138
2019-12-01,Atlético Madrid,2149,-9,2140,FC Barcelona,2281,9,2290
2019-12-01,Getafe CF,2035,10,2045,Levante UD,1970,-10,1960
2019-12-01,Sevilla FC,2104,3,2107,CD Leganés,1867,-3,1864
2019-12-01,Athletic Bilbao,2030,6,2036,Granada CF,1898,-6,1892
2019-12-01,Espanyol Barcelona,1960,-21,1939,CA Osasuna,1919,21,1940
2019-11-30,CD Alavés,1954,-8,1946,Real Madrid,2140,8,2148
2019-11-30,Valencia CF,2082,5,2087,Villarreal CF,1973,-5,1968
2019-11-30,Real Sociedad,2020,9,2029,SD Eibar,1927,-9,1918
2019-11-30,RCD Mallorca,1799,-9,1790,Real Betis,1947,9,1956
2019-11-29,Celta Vigo,1912,-3,1909,Real Valladolid,1898,3,1901
2019-11-24,Real Valladolid,1906,-8,1898,Sevilla FC,2093,8,2101
2019-11-24,Espanyol Barcelona,1960,-1,1959,Getafe CF,2025,1,2026
2019-11-24,CA Osasuna,1929,-10,1919,Athletic Bilbao,2020,10,2030
2019-11-24,Villarreal CF,1996,-23,1973,Celta Vigo,1889,23,1912
2019-11-24,SD Eibar,1947,-20,1927,CD Alavés,1934,20,1954
2019-11-23,Real Madrid,2134,7,2141,Real Sociedad,2027,-7,2020
2019-11-23,CD Leganés,1870,-3,1867,FC Barcelona,2269,3,2272
2019-11-23,Granada CF,1893,5,1898,Atlético Madrid,2162,-5,2157
2019-11-23,Real Betis,1935,12,1947,Valencia CF,2094,-12,2082
2019-11-22,Levante UD,1966,4,1970,RCD Mallorca,1803,-4,1799
2019-11-10,Atlético Madrid,2157,5,2162,Espanyol Barcelona,1965,-5,1960
2019-11-10,Real Betis,1944,-9,1935,Sevilla FC,2084,9,2093
2019-11-10,Athletic Bilbao,2014,6,2020,Levante UD,1972,-6,1966
2019-11-10,Getafe CF,2030,-5,2025,CA Osasuna,1924,5,1929
2019-11-10,RCD Mallorca,1783,20,1803,Villarreal CF,2016,-20,1996
2019-11-09,FC Barcelona,2267,2,2269,Celta Vigo,1891,-2,1889
2019-11-09,SD Eibar,1963,-16,1947,Real Madrid,2118,16,2134
2019-11-09,Valencia CF,2089,5,2094,Granada CF,1898,-5,1893
2019-11-09,CD Alavés,1922,12,1934,Real Valladolid,1918,-12,1906
2019-11-08,Real Sociedad,2033,-6,2027,CD Leganés,1864,6,1870
2019-11-03,Villarreal CF,2019,-3,2016,Athletic Bilbao,2011,3,2014
2019-11-03,Celta Vigo,1900,-9,1891,Getafe CF,2031,9,2040
2019-11-03,Granada CF,1908,-10,1898,Real Sociedad,2023,10,2033
2019-11-03,CA Osasuna,1912,12,1924,CD Alavés,1934,-12,1922
2019-11-03,CD Leganés,1875,-11,1864,SD Eibar,1952,11,1963
2019-11-03,Real Valladolid,1910,8,1918,RCD Mallorca,1791,-8,1783
2019-11-02,Sevilla FC,2081,0,2081,Atlético Madrid,2175,0,2175
2019-11-02,Levante UD,1948,24,1972,FC Barcelona,2302,-24,2278
2019-11-02,Real Madrid,2118,-7,2111,Real Betis,1937,7,1944
2019-11-02,Espanyol Barcelona,1957,-10,1947,Valencia CF,2069,10,2079
2019-10-31,SD Eibar,1942,10,1952,Villarreal CF,2029,-10,2019
2019-10-31,Getafe CF,2024,7,2031,Granada CF,1915,-7,1908
2019-10-31,RCD Mallorca,1790,1,1791,CA Osasuna,1913,-1,1912
2019-10-30,Valencia CF,2072,-3,2069,Sevilla FC,2078,3,2081
2019-10-30,Real Madrid,2113,5,2118,CD Leganés,1880,-5,1875
2019-10-30,Real Sociedad,2038,-15,2023,Levante UD,1933,15,1948
2019-10-30,Athletic Bilbao,2000,11,2011,Espanyol Barcelona,1968,-11,1957
2019-10-30,Real Betis,1930,7,1937,Celta Vigo,1907,-7,1900
2019-10-29,FC Barcelona,2300,2,2302,Real Valladolid,1912,-2,1910
2019-10-29,CD Alavés,1930,4,1934,Atlético Madrid,2179,-4,2175
2019-10-27,Sevilla FC,2069,9,2078,Getafe CF,2033,-9,2024
2019-10-27,CA Osasuna,1894,19,1913,Valencia CF,2091,-19,2072
2019-10-27,Celta Vigo,1917,-10,1907,Real Sociedad,2028,10,2038
2019-10-27,Levante UD,1946,-13,1933,Espanyol Barcelona,1955,13,1968
2019-10-27,Granada CF,1907,8,1915,Real Betis,1938,-8,1930
2019-10-26,Atlético Madrid,2174,5,2179,Athletic Bilbao,2005,-5,2000
2019-10-26,Real Valladolid,1899,13,1912,SD Eibar,1955,-13,1942
2019-10-26,CD Leganés,1875,5,1880,RCD Mallorca,1795,-5,1790
2019-10-25,Villarreal CF,2020,9,2029,CD Alavés,1939,-9,1930
2019-10-20,Sevilla FC,2063,5,2068,Levante UD,1951,-5,1946
2019-10-20,Real Sociedad,2020,8,2028,Real Betis,1946,-8,1938
2019-10-20,Espanyol Barcelona,1950,-11,1939,Villarreal CF,2009,11,2020
2019-10-20,Athletic Bilbao,2011,-6,2005,Real Valladolid,1893,6,1899
2019-10-20,CD Alavés,1928,11,1939,Celta Vigo,1928,-11,1917
2019-10-19,Atlético Madrid,2173,-5,2168,Valencia CF,2089,5,2094
2019-10-19,SD Eibar,1963,-8,1955,FC Barcelona,2283,8,2291
2019-10-19,Getafe CF,2046,5,2051,CD Leganés,1880,-5,1875
2019-10-19,RCD Mallorca,1779,16,1795,Real Madrid,2120,-16,2104
2019-10-18,Granada CF,1900,7,1907,CA Osasuna,1901,-7,1894
2019-10-06,FC Barcelona,2278,5,2283,Sevilla FC,2068,-5,2063
2019-10-06,Real Valladolid,1888,5,1893,Atlético Madrid,2178,-5,2173
2019-10-06,Real Sociedad,2033,-13,2020,Getafe CF,2033,13,2046
2019-10-06,Celta Vigo,1918,10,1928,Athletic Bilbao,2021,-10,2011
2019-10-06,RCD Mallorca,1759,20,1779,Espanyol Barcelona,1970,-20,1950
2019-10-05,Real Madrid,2116,4,2120,Granada CF,1904,-4,1900
2019-10-05,Valencia CF,2085,4,2089,CD Alavés,1932,-4,1928
2019-10-05,CA Osasuna,1890,11,1901,Villarreal CF,2020,-11,2009
2019-10-05,CD Leganés,1892,-12,1880,Levante UD,1939,12,1951
2019-10-04,Real Betis,1948,-2,1946,SD Eibar,1961,2,1963
2019-09-29,Sevilla FC,2058,7,2065,Real Sociedad,2040,-7,2033
2019-09-29,SD Eibar,1951,10,1961,Celta Vigo,1928,-10,1918
2019-09-29,Espanyol Barcelona,1967,-23,1944,Real Valladolid,1865,23,1888
2019-09-29,Levante UD,1943,-4,1939,CA Osasuna,1886,4,1890
2019-09-29,CD Alavés,1927,5,1932,RCD Mallorca,1764,-5,1759
2019-09-28,Getafe CF,2029,-9,2020,FC Barcelona,2264,9,2273
2019-09-28,Atlético Madrid,2164,-4,2160,Real Madrid,2120,4,2124
2019-09-28,Athletic Bilbao,2032,-11,2021,Valencia CF,2103,11,2114
2019-09-28,Granada CF,1897,7,1904,CD Leganés,1899,-7,1892
2019-09-27,Villarreal CF,2009,11,2020,Real Betis,1959,-11,1948
2019-09-26,SD Eibar,1940,11,1951,Sevilla FC,2069,-11,2058
2019-09-26,Real Sociedad,2031,9,2040,CD Alavés,1936,-9,1927
2019-09-26,Celta Vigo,1930,-2,1928,Espanyol Barcelona,1965,2,1967
2019-09-25,Valencia CF,2108,-5,2103,Getafe CF,2024,5,2029
2019-09-25,Real Madrid,2116,4,2120,CA Osasuna,1890,-4,1886
2019-09-25,CD Leganés,1898,1,1899,Athletic Bilbao,2033,-1,2032
2019-09-25,RCD Mallorca,1769,-5,1764,Atlético Madrid,2159,5,2164
2019-09-24,FC Barcelona,2262,2,2264,Villarreal CF,2011,-2,2009
2019-09-24,Real Betis,1948,11,1959,Levante UD,1954,-11,1943
2019-09-24,Real Valladolid,1867,-2,1865,Granada CF,1895,2,1897
2019-09-22,Sevilla FC,2081,-12,2069,Real Madrid,2104,12,2116
2019-09-22,Valencia CF,2115,-7,2108,CD Leganés,1891,7,1898
2019-09-22,Espanyol Barcelona,1983,-18,1965,Real Sociedad,2013,18,2031
2019-09-22,Athletic Bilbao,2025,8,2033,CD Alavés,1944,-8,1936
2019-09-22,Getafe CF,2020,4,2024,RCD Mallorca,1773,-4,1769
2019-09-21,Granada CF,1869,26,1895,FC Barcelona,2288,-26,2262
2019-09-21,Atlético Madrid,2167,-8,2159,Celta Vigo,1922,8,1930
2019-09-21,Levante UD,1957,-3,1954,SD Eibar,1937,3,1940
2019-09-21,Villarreal CF,2005,6,2011,Real Valladolid,1873,-6,1867
2019-09-20,CA Osasuna,1891,-1,1890,Real Betis,1947,1,1948
2019-09-15,CD Alavés,1954,-10,1944,Sevilla FC,2060,10,2070
2019-09-15,Real Betis,1948,-1,1947,Getafe CF,2015,1,2016
2019-09-15,SD Eibar,1949,-12,1937,Espanyol Barcelona,1979,12,1991
2019-09-15,Celta Vigo,1945,-23,1922,Granada CF,1846,23,1869
2019-09-15,Real Valladolid,1875,-2,1873,CA Osasuna,1889,2,1891
2019-09-14,FC Barcelona,2285,6,2291,Valencia CF,2099,-6,2093
2019-09-14,Real Sociedad,1994,19,2013,Atlético Madrid,2190,-19,2171
2019-09-14,Real Madrid,2115,4,2119,Levante UD,1961,-4,1957
2019-09-14,CD Leganés,1910,-19,1891,Villarreal CF,1986,19,2005
2019-09-13,RCD Mallorca,1769,4,1773,Athletic Bilbao,2029,-4,2025
2019-09-01,Atlético Madrid,2187,3,2190,SD Eibar,1952,-3,1949
2019-09-01,Villarreal CF,1985,1,1986,Real Madrid,2116,-1,2115
2019-09-01,Valencia CF,2097,2,2099,RCD Mallorca,1771,-2,1769
2019-09-01,Espanyol Barcelona,2008,-29,1979,Granada CF,1817,29,1846
2019-08-31,CA Osasuna,1882,7,1889,FC Barcelona,2292,-7,2285
2019-08-31,Getafe CF,2020,-5,2015,CD Alavés,1949,5,1954
2019-08-31,Real Betis,1941,7,1948,CD Leganés,1917,-7,1910
2019-08-31,Levante UD,1953,8,1961,Real Valladolid,1883,-8,1875
2019-08-30,Athletic Bilbao,2019,10,2029,Real Sociedad,2004,-10,1994
2019-08-30,Sevilla FC,2066,-6,2060,Celta Vigo,1939,6,1945
2019-08-25,FC Barcelona,2290,2,2292,Real Betis,1943,-2,1941
2019-08-25,CD Leganés,1923,-6,1917,Atlético Madrid,2181,6,2187
2019-08-25,CD Alavés,1950,-1,1949,Espanyol Barcelona,2011,1,2012
2019-08-25,RCD Mallorca,1778,-7,1771,Real Sociedad,1997,7,2004
2019-08-24,Getafe CF,2023,-3,2020,Athletic Bilbao,2016,3,2019
2019-08-24,Celta Vigo,1927,12,1939,Valencia CF,2109,-12,2097
2019-08-24,Real Madrid,2124,-8,2116,Real Valladolid,1875,8,1883
2019-08-24,CA Osasuna,1883,-1,1882,SD Eibar,1951,1,1952
2019-08-23,Levante UD,1944,9,1953,Villarreal CF,1994,-9,1985
2019-08-23,Granada CF,1823,-6,1817,Sevilla FC,2060,6,2066
2019-08-18,Atlético Madrid,2177,4,2181,Getafe CF,2027,-4,2023
2019-08-18,Espanyol Barcelona,2026,-19,2007,Sevilla FC,2041,19,2060
2019-08-18,CD Alavés,1943,7,1950,Levante UD,1951,-7,1944
2019-08-18,Real Betis,1958,-15,1943,Real Valladolid,1860,15,1875
2019-08-17,Valencia CF,2115,-6,2109,Real Sociedad,1991,6,1997
2019-08-17,Celta Vigo,1939,-12,1927,Real Madrid,2112,12,2124
2019-08-17,Villarreal CF,2001,-7,1994,Granada CF,1816,7,1823
2019-08-17,CD Leganés,1938,-15,1923,CA Osasuna,1868,15,1883
2019-08-17,RCD Mallorca,1765,13,1778,SD Eibar,1964,-13,1951
2019-08-16,Athletic Bilbao,2001,15,2016,FC Barcelona,2305,-15,2290
2021-05-23,Sevilla FC,2143,2,2145,CD Alavés,1870,-2,1868
2021-05-23,Granada CF,1920,-3,1917,Getafe CF,1906,3,1909
2021-05-22,Real Madrid,2226,5,2231,Villarreal CF,2125,-5,2120
2021-05-22,SD Eibar,1856,-4,1852,FC Barcelona,2212,4,2216
2021-05-22,Real Valladolid,1837,-4,1833,Atlético Madrid,2186,4,2190
2021-05-22,Celta Vigo,1992,-12,1980,Real Betis,2015,12,2027
2021-05-22,CA Osasuna,1958,-11,1947,Real Sociedad,2034,11,2045
2021-05-22,Elche CF,1802,19,1821,Athletic Bilbao,1998,-19,1979
2021-05-22,SD Huesca,1833,1,1834,Valencia CF,1954,-1,1953
2021-05-21,Levante UD,1923,-5,1918,Cádiz CF,1834,5,1839
2021-05-16,Villarreal CF,2109,16,2125,Sevilla FC,2159,-16,2143
2021-05-16,Athletic Bilbao,2005,-7,1998,Real Madrid,2219,7,2226
2021-05-16,FC Barcelona,2230,-18,2212,Celta Vigo,1974,18,1992
2021-05-16,Atlético Madrid,2183,3,2186,CA Osasuna,1961,-3,1958
2021-05-16,Real Sociedad,2028,6,2034,Real Valladolid,1843,-6,1837
2021-05-16,Real Betis,2012,3,2015,SD Huesca,1836,-3,1833
2021-05-16,Getafe CF,1898,8,1906,Levante UD,1931,-8,1923
2021-05-16,Valencia CF,1945,9,1954,SD Eibar,1865,-9,1856
2021-05-16,CD Alavés,1856,14,1870,Granada CF,1934,-14,1920
2021-05-16,Cádiz CF,1856,-22,1834,Elche CF,1780,22,1802
2021-05-13,Granada CF,1944,-10,1934,Real Madrid,2209,10,2219
2021-05-13,Real Valladolid,1852,-9,1843,Villarreal CF,2100,9,2109
2021-05-13,SD Eibar,1864,1,1865,Real Betis,2013,-1,2012
2021-05-12,Atlético Madrid,2179,4,2183,Real Sociedad,2032,-4,2028
2021-05-12,Sevilla FC,2156,3,2159,Valencia CF,1948,-3,1945
2021-05-12,Celta Vigo,1968,6,1974,Getafe CF,1904,-6,1898
2021-05-12,SD Huesca,1823,13,1836,Athletic Bilbao,2018,-13,2005
2021-05-11,Levante UD,1926,5,1931,FC Barcelona,2235,-5,2230
2021-05-11,CA Osasuna,1956,5,1961,Cádiz CF,1861,-5,1856
2021-05-11,Elche CF,1797,-17,1780,CD Alavés,1839,17,1856
2021-05-10,Real Betis,2007,6,2013,Granada CF,1950,-6,1944
2021-05-09,Real Madrid,2213,-4,2209,Sevilla FC,2152,4,2156
2021-05-09,Villarreal CF,2125,-25,2100,Celta Vigo,1943,25,1968
2021-05-09,Valencia CF,1939,9,1948,Real Valladolid,1861,-9,1852
2021-05-09,Getafe CF,1918,-14,1904,SD Eibar,1850,14,1864
2021-05-08,FC Barcelona,2239,-4,2235,Atlético Madrid,2175,4,2179
2021-05-08,Athletic Bilbao,2023,-5,2018,CA Osasuna,1951,5,1956
2021-05-08,CD Alavés,1839,0,1839,Levante UD,1926,0,1926
2021-05-08,Cádiz CF,1854,7,1861,SD Huesca,1830,-7,1823
2021-05-07,Real Sociedad,2028,4,2032,Elche CF,1801,-4,1797
2021-05-03,Sevilla FC,2168,-16,2152,Athletic Bilbao,2007,16,2023
2021-05-02,Valencia CF,1944,-5,1939,FC Barcelona,2234,5,2239
2021-05-02,Villarreal CF,2119,3,2122,Getafe CF,1921,-3,1918
2021-05-02,Real Valladolid,1860,1,1861,Real Betis,2008,-1,2007
2021-05-02,Granada CF,1966,-16,1950,Cádiz CF,1838,16,1854
2021-05-01,Real Madrid,2228,3,2231,CA Osasuna,1954,-3,1951
2021-05-01,Elche CF,1805,-4,1801,Atlético Madrid,2171,4,2175
2021-05-01,SD Huesca,1817,13,1830,Real Sociedad,2041,-13,2028
2021-05-01,SD Eibar,1837,13,1850,CD Alavés,1852,-13,1839
2021-04-30,Celta Vigo,1932,11,1943,Levante UD,1937,-11,1926
2021-04-29,FC Barcelona,2252,-18,2234,Granada CF,1948,18,1966
2021-04-28,Athletic Bilbao,2013,-6,2007,Real Valladolid,1854,6,1860
2021-04-26,SD Eibar,1844,-7,1837,Real Sociedad,2034,7,2041
2021-04-25,Villarreal CF,2119,-9,2110,FC Barcelona,2243,9,2252
2021-04-25,Athletic Bilbao,2001,12,2013,Atlético Madrid,2183,-12,2171
2021-04-25,Sevilla FC,2165,3,2168,Granada CF,1951,-3,1948
2021-04-25,Celta Vigo,1924,8,1932,CA Osasuna,1962,-8,1954
2021-04-25,SD Huesca,1833,-16,1817,Getafe CF,1905,16,1921
2021-04-24,Real Madrid,2242,-8,2234,Real Betis,2000,8,2008
2021-04-24,Valencia CF,1949,-5,1944,CD Alavés,1847,5,1852
2021-04-24,Elche CF,1793,12,1805,Levante UD,1949,-12,1937
2021-04-24,Real Valladolid,1857,-3,1854,Cádiz CF,1835,3,1838
2021-04-22,FC Barcelona,2240,3,2243,Getafe CF,1908,-3,1905
2021-04-22,Atlético Madrid,2181,2,2183,SD Huesca,1835,-2,1833
2021-04-22,Real Sociedad,2029,5,2034,Celta Vigo,1929,-5,1924
2021-04-22,Granada CF,1942,9,1951,SD Eibar,1853,-9,1844
2021-04-21,Levante UD,1956,-7,1949,Sevilla FC,2158,7,2165
2021-04-21,Cádiz CF,1840,-5,1835,Real Madrid,2237,5,2242
2021-04-21,Real Betis,2003,-3,2000,Athletic Bilbao,1998,3,2001
2021-04-21,CD Alavés,1832,15,1847,Villarreal CF,2134,-15,2119
2021-04-21,CA Osasuna,1951,11,1962,Valencia CF,1960,-11,1949
2021-04-21,Elche CF,1794,-1,1793,Real Valladolid,1856,1,1857
2021-04-18,Real Sociedad,2039,-10,2029,Sevilla FC,2148,10,2158
2021-04-18,Getafe CF,1902,6,1908,Real Madrid,2243,-6,2237
2021-04-18,Levante UD,1972,-16,1956,Villarreal CF,2118,16,2134
2021-04-18,Atlético Madrid,2178,3,2181,SD Eibar,1856,-3,1853
2021-04-18,Real Betis,2007,-4,2003,Valencia CF,1956,4,1960
2021-04-18,Cádiz CF,1840,0,1840,Celta Vigo,1929,0,1929
2021-04-18,CA Osasuna,1945,6,1951,Elche CF,1800,-6,1794
2021-04-18,CD Alavés,1824,8,1832,SD Huesca,1843,-8,1835
2021-04-12,Celta Vigo,1936,-7,1929,Sevilla FC,2141,7,2148
2021-04-11,Real Betis,2005,2,2007,Atlético Madrid,2180,-2,2178
2021-04-11,Villarreal CF,2129,-17,2112,CA Osasuna,1928,17,1945
2021-04-11,Valencia CF,1956,0,1956,Real Sociedad,2039,0,2039
2021-04-11,Real Valladolid,1867,-11,1856,Granada CF,1935,11,1946
2021-04-10,Real Madrid,2234,7,2241,FC Barcelona,2239,-7,2232
2021-04-10,Athletic Bilbao,2013,-7,2006,CD Alavés,1817,7,1824
2021-04-10,SD Eibar,1866,-10,1856,Levante UD,1962,10,1972
2021-04-10,Getafe CF,1917,-15,1902,Cádiz CF,1825,15,1840
2021-04-09,SD Huesca,1833,10,1843,Elche CF,1810,-10,1800
2021-04-07,Real Sociedad,2043,-4,2039,Athletic Bilbao,2009,4,2013
2021-04-05,FC Barcelona,2238,1,2239,Real Valladolid,1868,-1,1867
2021-04-04,Sevilla FC,2132,9,2141,Atlético Madrid,2189,-9,2180
2021-04-04,Elche CF,1807,3,1810,Real Betis,2008,-3,2005
2021-04-04,Cádiz CF,1813,12,1825,Valencia CF,1968,-12,1956
2021-04-04,CD Alavés,1833,-16,1817,Celta Vigo,1920,16,1936
2021-04-03,Real Madrid,2217,2,2219,SD Eibar,1868,-2,1866
2021-04-03,Granada CF,1961,-15,1946,Villarreal CF,2102,15,2117
2021-04-03,CA Osasuna,1931,-3,1928,Getafe CF,1914,3,1917
2021-04-02,Levante UD,1987,-25,1962,SD Huesca,1808,25,1833
2021-03-21,Real Sociedad,2049,-16,2033,FC Barcelona,2222,16,2238
2021-03-21,Atlético Madrid,2188,1,2189,CD Alavés,1834,-1,1833
2021-03-21,Valencia CF,1961,7,1968,Granada CF,1968,-7,1961
2021-03-21,Villarreal CF,2100,2,2102,Cádiz CF,1815,-2,1813
2021-03-21,Getafe CF,1920,-6,1914,Elche CF,1801,6,1807
2021-03-20,Celta Vigo,1928,-8,1920,Real Madrid,2209,8,2217
2021-03-20,Real Valladolid,1863,5,1868,Sevilla FC,2137,-5,2132
2021-03-20,Athletic Bilbao,2025,-6,2019,SD Eibar,1862,6,1868
2021-03-20,SD Huesca,1807,1,1808,CA Osasuna,1932,-1,1931
2021-03-19,Real Betis,1997,11,2008,Levante UD,1998,-11,1987
2021-03-17,Sevilla FC,2135,2,2137,Elche CF,1803,-2,1801
2021-03-15,FC Barcelona,2220,2,2222,SD Huesca,1809,-2,1807
2021-03-14,Sevilla FC,2131,4,2135,Real Betis,2001,-4,1997
2021-03-14,Granada CF,1973,10,1983,Real Sociedad,2059,-10,2049
2021-03-14,SD Eibar,1872,-10,1862,Villarreal CF,2083,10,2093
2021-03-14,Celta Vigo,1928,0,1928,Athletic Bilbao,2025,0,2025
2021-03-13,Getafe CF,1915,5,1920,Atlético Madrid,2211,-5,2206
2021-03-13,Real Madrid,2194,1,2195,Elche CF,1804,-1,1803
2021-03-13,CA Osasuna,1937,-5,1932,Real Valladolid,1858,5,1863
2021-03-13,CD Alavés,1838,-4,1834,Cádiz CF,1811,4,1815
2021-03-12,Levante UD,1991,7,1998,Valencia CF,1968,-7,1961
2021-03-10,Atlético Madrid,2208,3,2211,Athletic Bilbao,2028,-3,2025
2021-03-08,Real Betis,1997,4,2001,CD Alavés,1842,-4,1838
2021-03-07,Atlético Madrid,2211,-3,2208,Real Madrid,2191,3,2194
2021-03-07,Real Sociedad,2053,6,2059,Levante UD,1997,-6,1991
2021-03-07,Athletic Bilbao,2022,6,2028,Granada CF,1968,-6,1962
2021-03-07,SD Huesca,1819,-10,1809,Celta Vigo,1918,10,1928
2021-03-06,CA Osasuna,1946,-9,1937,FC Barcelona,2206,9,2215
2021-03-06,Elche CF,1788,16,1804,Sevilla FC,2142,-16,2126
2021-03-06,Real Valladolid,1849,9,1858,Getafe CF,1924,-9,1915
2021-03-06,Cádiz CF,1802,9,1811,SD Eibar,1881,-9,1872
2021-03-05,Valencia CF,1957,11,1968,Villarreal CF,2076,-11,2065
2021-03-01,Real Madrid,2197,-6,2191,Real Sociedad,2047,6,2053
2021-02-28,Villarreal CF,2091,-15,2076,Atlético Madrid,2196,15,2211
2021-02-28,Cádiz CF,1810,-8,1802,Real Betis,1989,8,1997
2021-02-28,Celta Vigo,1923,-5,1918,Real Valladolid,1844,5,1849
2021-02-28,Granada CF,1965,3,1968,Elche CF,1791,-3,1788
2021-02-27,Sevilla FC,2172,-19,2153,FC Barcelona,2176,19,2195
2021-02-27,Getafe CF,1908,16,1924,Valencia CF,1973,-16,1957
2021-02-27,CD Alavés,1853,-11,1842,CA Osasuna,1935,11,1946
2021-02-27,SD Eibar,1886,-5,1881,SD Huesca,1814,5,1819
2021-02-26,Levante UD,2013,-3,2010,Athletic Bilbao,2006,3,2009
2021-02-24,FC Barcelona,2174,2,2176,Elche CF,1793,-2,1791
2021-02-22,CA Osasuna,1945,-10,1935,Sevilla FC,2162,10,2172
2021-02-21,Athletic Bilbao,2007,-1,2006,Villarreal CF,2083,1,2084
2021-02-21,FC Barcelona,2183,-9,2174,Cádiz CF,1801,9,1810
2021-02-21,Real Sociedad,2033,6,2039,CD Alavés,1859,-6,1853
2021-02-21,SD Huesca,1802,12,1814,Granada CF,1984,-12,1972
2021-02-20,Atlético Madrid,2241,-27,2214,Levante UD,1986,27,2013
2021-02-20,Real Valladolid,1848,-4,1844,Real Madrid,2175,4,2179
2021-02-20,Valencia CF,1963,10,1973,Celta Vigo,1933,-10,1923
2021-02-20,Elche CF,1783,10,1793,SD Eibar,1896,-10,1886
2021-02-19,Real Betis,1984,5,1989,Getafe CF,1913,-5,1908
2021-02-17,Levante UD,1982,4,1986,Atlético Madrid,2245,-4,2241
2021-02-15,Cádiz CF,1816,-15,1801,Athletic Bilbao,1992,15,2007
2021-02-14,Real Madrid,2171,4,2175,Valencia CF,1967,-4,1963
2021-02-14,Villarreal CF,2075,-15,2060,Real Betis,1969,15,1984
2021-02-14,Getafe CF,1923,-10,1913,Real Sociedad,2039,10,2049
2021-02-14,Levante UD,1996,-14,1982,CA Osasuna,1931,14,1945
2021-02-13,Granada CF,1971,-5,1966,Atlético Madrid,2240,5,2245
2021-02-13,FC Barcelona,2212,3,2215,CD Alavés,1862,-3,1859
2021-02-13,Sevilla FC,2183,1,2184,SD Huesca,1803,-1,1802
2021-02-13,SD Eibar,1900,-4,1896,Real Valladolid,1844,4,1848
2021-02-12,Celta Vigo,1927,6,1933,Elche CF,1789,-6,1783
2021-02-09,Real Madrid,2167,4,2171,Getafe CF,1927,-4,1923
2021-02-08,Atlético Madrid,2248,-8,2240,Celta Vigo,1919,8,1927
2021-02-07,Real Betis,1975,-6,1969,FC Barcelona,2219,6,2225
2021-02-07,Athletic Bilbao,1999,-4,1995,Valencia CF,1963,4,1967
2021-02-07,Real Sociedad,2034,5,2039,Cádiz CF,1821,-5,1816
2021-02-07,CA Osasuna,1924,7,1931,SD Eibar,1907,-7,1900
2021-02-06,Sevilla FC,2166,4,2170,Getafe CF,1931,-4,1927
2021-02-06,SD Huesca,1807,-4,1803,Real Madrid,2163,4,2167
2021-02-06,Levante UD,1997,-4,1993,Granada CF,1967,4,1971
2021-02-06,Elche CF,1784,5,1789,Villarreal CF,2080,-5,2075
2021-02-05,CD Alavés,1855,7,1862,Real Valladolid,1851,-7,1844
2021-02-01,Real Betis,1971,6,1977,CA Osasuna,1930,-6,1924
2021-01-31,FC Barcelona,2207,3,2210,Athletic Bilbao,2000,-3,1997
2021-01-31,Cádiz CF,1825,-4,1821,Atlético Madrid,2244,4,2248
2021-01-31,Granada CF,1980,-4,1976,Celta Vigo,1915,4,1919
2021-01-31,Getafe CF,1936,-5,1931,CD Alavés,1850,5,1855
2021-01-30,Real Madrid,2180,-17,2163,Levante UD,1970,17,1987
2021-01-30,Villarreal CF,2094,-4,2090,Real Sociedad,2030,4,2034
2021-01-30,SD Eibar,1916,-9,1907,Sevilla FC,2152,9,2161
2021-01-30,Valencia CF,1960,3,1963,Elche CF,1787,-3,1784
2021-01-29,Real Valladolid,1873,-22,1851,SD Huesca,1785,22,1807
2021-01-25,Athletic Bilbao,1984,12,1996,Getafe CF,1948,-12,1936
2021-01-24,Atlético Madrid,2241,3,2244,Valencia CF,1969,-3,1966
2021-01-24,Elche CF,1791,-4,1787,FC Barcelona,2200,4,2204
2021-01-24,CA Osasuna,1915,14,1929,Granada CF,1994,-14,1980
2021-01-24,Celta Vigo,1918,-3,1915,SD Eibar,1913,3,1916
2021-01-23,CD Alavés,1858,-8,1850,Real Madrid,2172,8,2180
2021-01-23,Real Sociedad,2049,-5,2044,Real Betis,1952,5,1957
2021-01-23,Sevilla FC,2143,3,2146,Cádiz CF,1828,-3,1825
2021-01-23,SD Huesca,1779,6,1785,Villarreal CF,2095,-6,2089
2021-01-22,Levante UD,1958,-5,1953,Real Valladolid,1885,5,1890
2021-01-21,SD Eibar,1917,-4,1913,Atlético Madrid,2237,4,2241
2021-01-21,Valencia CF,1973,-4,1969,CA Osasuna,1911,4,1915
2021-01-20,Villarreal CF,2100,-5,2095,Granada CF,1989,5,1994
2021-01-20,Real Betis,1945,7,1952,Celta Vigo,1925,-7,1918
2021-01-20,Getafe CF,1944,4,1948,SD Huesca,1783,-4,1779
2021-01-19,CD Alavés,1863,-5,1858,Sevilla FC,2138,5,2143
2021-01-19,Cádiz CF,1827,1,1828,Levante UD,1959,-1,1958
2021-01-19,Real Valladolid,1890,-5,1885,Elche CF,1786,5,1791
2021-01-12,Atlético Madrid,2229,8,2237,Sevilla FC,2140,-8,2132
2021-01-12,Granada CF,1975,8,1983,CA Osasuna,1899,-8,1891
2021-01-11,Elche CF,1810,-14,1796,Getafe CF,1930,14,1944
2021-01-11,SD Huesca,1797,-14,1783,Real Betis,1919,14,1933
2021-01-10,Levante UD,1956,6,1962,SD Eibar,1923,-6,1917
2021-01-10,Real Valladolid,1901,-11,1890,Valencia CF,1954,11,1965
2021-01-10,Cádiz CF,1826,14,1840,CD Alavés,1893,-14,1879
2021-01-09,Granada CF,1988,-13,1975,FC Barcelona,2208,13,2221
2021-01-09,Sevilla FC,2135,5,2140,Real Sociedad,2045,-5,2040
2021-01-09,CA Osasuna,1893,6,1899,Real Madrid,2212,-6,2206
2021-01-08,Celta Vigo,1942,-17,1925,Villarreal CF,2079,17,2096
2021-01-06,Athletic Bilbao,1958,-6,1952,FC Barcelona,2202,6,2208
2021-01-04,Valencia CF,1960,-6,1954,Cádiz CF,1821,6,1827
2021-01-03,CD Alavés,1889,-4,1885,Atlético Madrid,2225,4,2229
2021-01-03,SD Huesca,1812,-3,1809,FC Barcelona,2199,3,2202
2021-01-03,Real Sociedad,2051,-6,2045,CA Osasuna,1887,6,1893
2021-01-03,SD Eibar,1909,14,1923,Granada CF,1996,-14,1982
2021-01-03,Athletic Bilbao,1954,4,1958,Elche CF,1814,-4,1810
2021-01-02,Real Madrid,2209,3,2212,Celta Vigo,1945,-3,1942
2021-01-02,Real Betis,1916,3,1919,Sevilla FC,2138,-3,2135
2021-01-02,Villarreal CF,2075,4,2079,Levante UD,1960,-4,1956
2021-01-02,Getafe CF,1961,-15,1946,Real Valladolid,1886,15,1901
2020-12-31,Athletic Bilbao,1965,-11,1954,Real Sociedad,2040,11,2051
2020-12-31,CA Osasuna,1890,-3,1887,CD Alavés,1886,3,1889
2020-12-30,Atlético Madrid,2223,2,2225,Getafe CF,1963,-2,1961
2020-12-30,Elche CF,1807,7,1814,Real Madrid,2216,-7,2209
2020-12-30,Granada CF,1989,7,1996,Valencia CF,1967,-7,1960
2020-12-30,Celta Vigo,1941,4,1945,SD Huesca,1816,-4,1812
2020-12-29,Sevilla FC,2129,9,2138,Villarreal CF,2084,-9,2075
2020-12-29,FC Barcelona,2207,-8,2199,SD Eibar,1901,8,1909
2020-12-29,Levante UD,1954,6,1960,Real Betis,1922,-6,1916
2020-12-29,Cádiz CF,1822,-1,1821,Real Valladolid,1885,1,1886
2020-12-23,Real Madrid,2212,4,2216,Granada CF,1993,-4,1989
2020-12-23,Getafe CF,1967,-4,1963,Celta Vigo,1937,4,1941
2020-12-23,CD Alavés,1878,8,1886,SD Eibar,1909,-8,1901
2020-12-23,Real Betis,1917,5,1922,Cádiz CF,1827,-5,1822
2020-12-22,Real Sociedad,2053,-13,2040,Atlético Madrid,2210,13,2223
2020-12-22,Valencia CF,1976,-9,1967,Sevilla FC,2120,9,2129
2020-12-22,Real Valladolid,1893,-8,1885,FC Barcelona,2199,8,2207
2020-12-22,Villarreal CF,2090,-6,2084,Athletic Bilbao,1959,6,1965
2020-12-22,SD Huesca,1815,1,1816,Levante UD,1955,-1,1954
2020-12-22,Elche CF,1807,0,1807,CA Osasuna,1890,0,1890
2020-12-20,SD Eibar,1917,-8,1909,Real Madrid,2204,8,2212
2020-12-20,Granada CF,1984,9,1993,Real Betis,1926,-9,1917
2020-12-20,Celta Vigo,1928,9,1937,CD Alavés,1887,-9,1878
2020-12-20,Cádiz CF,1842,-15,1827,Getafe CF,1952,15,1967
2020-12-19,FC Barcelona,2207,-8,2199,Valencia CF,1968,8,1976
2020-12-19,Atlético Madrid,2208,2,2210,Elche CF,1809,-2,1807
2020-12-19,Sevilla FC,2128,-8,2120,Real Valladolid,1885,8,1893
2020-12-19,Levante UD,1944,11,1955,Real Sociedad,2064,-11,2053
2020-12-19,CA Osasuna,1902,-12,1890,Villarreal CF,2078,12,2090
2020-12-18,Athletic Bilbao,1953,6,1959,SD Huesca,1821,-6,1815
2020-12-16,FC Barcelona,2203,4,2207,Real Sociedad,2068,-4,2064
2020-12-15,Real Madrid,2200,4,2204,Athletic Bilbao,1957,-4,1953
2020-12-14,Celta Vigo,1918,10,1928,Cádiz CF,1852,-10,1842
2020-12-13,FC Barcelona,2201,2,2203,Levante UD,1946,-2,1944
2020-12-13,Real Betis,1916,2,1918,Villarreal CF,2080,-2,2078
2020-12-13,Real Sociedad,2074,-6,2068,SD Eibar,1911,6,1917
2020-12-13,Elche CF,1817,-8,1809,Granada CF,1976,8,1984
2020-12-12,Real Madrid,2188,12,2200,Atlético Madrid,2220,-12,2208
2020-12-12,Getafe CF,1960,-8,1952,Sevilla FC,2120,8,2128
2020-12-12,Valencia CF,1965,-3,1962,Athletic Bilbao,1954,3,1957
2020-12-12,SD Huesca,1811,10,1821,CD Alavés,1897,-10,1887
2020-12-11,Real Valladolid,1877,8,1885,CA Osasuna,1910,-8,1902
2020-12-07,SD Eibar,1912,-1,1911,Valencia CF,1964,1,1965
2020-12-06,CD Alavés,1895,2,1897,Real Sociedad,2071,-2,2069
2020-12-06,Villarreal CF,2088,-8,2080,Elche CF,1809,8,1817
2020-12-06,CA Osasuna,1931,-21,1910,Real Betis,1895,21,1916
2020-12-06,Granada CF,1980,-7,1973,SD Huesca,1804,7,1811
2020-12-05,Sevilla FC,2116,-11,2105,Real Madrid,2166,11,2177
2020-12-05,Cádiz CF,1835,17,1852,FC Barcelona,2257,-17,2240
2020-12-05,Atlético Madrid,2199,2,2201,Real Valladolid,1879,-2,1877
2020-12-05,Levante UD,1931,15,1946,Getafe CF,1975,-15,1960
2020-12-04,Athletic Bilbao,1976,-22,1954,Celta Vigo,1896,22,1918
2020-11-30,Real Betis,1915,-20,1895,SD Eibar,1892,20,1912
2020-11-29,FC Barcelona,2243,3,2246,CA Osasuna,1934,-3,1931
2020-11-29,Real Sociedad,2084,-3,2081,Villarreal CF,2081,3,2084
2020-11-29,Getafe CF,1978,-3,1975,Athletic Bilbao,1973,3,1976
2020-11-29,Celta Vigo,1880,16,1896,Granada CF,2014,-16,1998
2020-11-28,Valencia CF,1971,-7,1964,Atlético Madrid,2187,7,2194
2020-11-28,Real Madrid,2211,-18,2193,CD Alavés,1877,18,1895
2020-11-28,SD Huesca,1808,-4,1804,Sevilla FC,2146,4,2150
2020-11-28,Elche CF,1811,-2,1809,Cádiz CF,1833,2,1835
2020-11-27,Real Valladolid,1880,-1,1879,Levante UD,1930,1,1931
2020-11-23,Athletic Bilbao,1961,12,1973,Real Betis,1927,-12,1915
2020-11-22,Cádiz CF,1839,-6,1833,Real Sociedad,2081,6,2087
2020-11-22,Granada CF,2037,-25,2012,Real Valladolid,1855,25,1880
2020-11-22,SD Eibar,1892,0,1892,Getafe CF,1978,0,1978
2020-11-22,CD Alavés,1877,0,1877,Valencia CF,1971,0,1971
2020-11-21,Atlético Madrid,2191,8,2199,FC Barcelona,2237,-8,2229
2020-11-21,Villarreal CF,2084,0,2084,Real Madrid,2184,0,2184
2020-11-21,Sevilla FC,2134,4,2138,Celta Vigo,1884,-4,1880
2020-11-21,Levante UD,1936,-6,1930,Elche CF,1805,6,1811
2020-11-20,CA Osasuna,1940,-6,1934,SD Huesca,1802,6,1808
2020-11-08,Valencia CF,1946,25,1971,Real Madrid,2209,-25,2184
2020-11-08,Real Sociedad,2071,10,2081,Granada CF,2047,-10,2037
2020-11-08,Getafe CF,1994,-16,1978,Villarreal CF,2068,16,2084
2020-11-08,Real Valladolid,1844,11,1855,Athletic Bilbao,1972,-11,1961
2020-11-08,Levante UD,1940,-4,1936,CD Alavés,1873,4,1877
2020-11-07,FC Barcelona,2234,3,2237,Real Betis,1930,-3,1927
2020-11-07,Sevilla FC,2131,3,2134,CA Osasuna,1943,-3,1940
2020-11-07,Atlético Madrid,2188,3,2191,Cádiz CF,1842,-3,1839
2020-11-07,SD Huesca,1802,0,1802,SD Eibar,1892,0,1892
2020-11-06,Elche CF,1806,-1,1805,Celta Vigo,1883,1,1884
2020-11-02,Villarreal CF,2056,4,2060,Real Valladolid,1848,-4,1844
2020-11-01,Granada CF,2045,-5,2040,Levante UD,1935,5,1940
2020-11-01,Celta Vigo,1898,-15,1883,Real Sociedad,2052,15,2067
2020-11-01,Valencia CF,1948,-2,1946,Getafe CF,1992,2,1994
2020-11-01,Real Betis,1923,7,1930,Elche CF,1813,-7,1806
2020-10-31,CA Osasuna,1953,-10,1943,Atlético Madrid,2185,10,2195
2020-10-31,CD Alavés,1866,7,1873,FC Barcelona,2238,-7,2231
2020-10-31,Athletic Bilbao,1960,12,1972,Sevilla FC,2140,-12,2128
2020-10-31,Real Madrid,2198,2,2200,SD Huesca,1804,-2,1802
2020-10-30,SD Eibar,1915,-23,1892,Cádiz CF,1819,23,1842
2020-10-26,Levante UD,1939,-4,1935,Celta Vigo,1894,4,1898
2020-10-25,Getafe CF,2004,-12,1992,Granada CF,2040,12,2052
2020-10-25,Real Sociedad,2063,4,2067,SD Huesca,1808,-4,1804
2020-10-25,Cádiz CF,1815,4,1819,Villarreal CF,2050,-4,2046
2020-10-25,Real Valladolid,1868,-20,1848,CD Alavés,1846,20,1866
2020-10-24,FC Barcelona,2234,-21,2213,Real Madrid,2180,21,2201
2020-10-24,Atlético Madrid,2173,4,2177,Real Betis,1927,-4,1923
2020-10-24,Sevilla FC,2153,-18,2135,SD Eibar,1897,18,1915
2020-10-24,CA Osasuna,1945,8,1953,Athletic Bilbao,1968,-8,1960
2020-10-23,Elche CF,1801,12,1813,Valencia CF,1960,-12,1948
2020-10-18,Villarreal CF,2042,5,2047,Valencia CF,1965,-5,1960
2020-10-18,Real Betis,1945,-18,1927,Real Sociedad,2037,18,2055
2020-10-18,Athletic Bilbao,1958,10,1968,Levante UD,1949,-10,1939
2020-10-18,SD Eibar,1899,-2,1897,CA Osasuna,1943,2,1945
2020-10-18,SD Huesca,1809,-1,1808,Real Valladolid,1867,1,1868
2020-10-18,CD Alavés,1868,-22,1846,Elche CF,1779,22,1801
2020-10-17,Getafe CF,1990,14,2004,FC Barcelona,2243,-14,2229
2020-10-17,Granada CF,2016,11,2027,Sevilla FC,2161,-11,2150
2020-10-17,Celta Vigo,1902,-8,1894,Atlético Madrid,2173,8,2181
2020-10-17,Real Madrid,2223,-19,2204,Cádiz CF,1796,19,1815
2020-10-04,FC Barcelona,2248,-5,2243,Sevilla FC,2156,5,2161
2020-10-04,Levante UD,1958,-9,1949,Real Madrid,2214,9,2223
2020-10-04,CA Osasuna,1933,10,1943,Celta Vigo,1912,-10,1902
2020-10-04,CD Alavés,1858,10,1868,Athletic Bilbao,1968,-10,1958
2020-10-04,Cádiz CF,1793,3,1796,Granada CF,2019,-3,2016
2020-10-03,Atlético Madrid,2179,-6,2173,Villarreal CF,2036,6,2042
2020-10-03,Real Sociedad,2026,11,2037,Getafe CF,2001,-11,1990
2020-10-03,Valencia CF,1987,-22,1965,Real Betis,1923,22,1945
2020-10-03,Real Valladolid,1880,-13,1867,SD Eibar,1886,13,1899
2020-10-03,Elche CF,1781,-2,1779,SD Huesca,1807,2,1809
2020-10-01,Celta Vigo,1920,-8,1912,FC Barcelona,2240,8,2248
2020-10-01,Sevilla FC,2153,3,2156,Levante UD,1961,-3,1958
2020-10-01,Athletic Bilbao,1985,-17,1968,Cádiz CF,1776,17,1793
2020-09-30,Real Madrid,2212,2,2214,Real Valladolid,1882,-2,1880
2020-09-30,SD Huesca,1800,7,1807,Atlético Madrid,2186,-7,2179
2020-09-30,Villarreal CF,2031,5,2036,CD Alavés,1863,-5,1858
2020-09-30,SD Eibar,1902,-16,1886,Elche CF,1765,16,1781
2020-09-29,Real Sociedad,2041,-15,2026,Valencia CF,1972,15,1987
2020-09-29,Getafe CF,1991,10,2001,Real Betis,1933,-10,1923
2020-09-27,FC Barcelona,2234,6,2240,Villarreal CF,2037,-6,2031
2020-09-27,Atlético Madrid,2179,7,2186,Granada CF,2011,-7,2004
2020-09-27,Cádiz CF,1781,-5,1776,Sevilla FC,2148,5,2153
2020-09-27,CA Osasuna,1953,-20,1933,Levante UD,1941,20,1961
2020-09-27,SD Eibar,1913,-11,1902,Athletic Bilbao,1974,11,1985
2020-09-27,Real Valladolid,1884,-2,1882,Celta Vigo,1918,2,1920
2020-09-26,Real Betis,1938,-5,1933,Real Madrid,2207,5,2212
2020-09-26,CD Alavés,1862,1,1863,Getafe CF,1992,-1,1991
2020-09-26,Elche CF,1775,-10,1765,Real Sociedad,2031,10,2041
2020-09-26,Valencia CF,1979,-7,1972,SD Huesca,1793,7,1800
2020-09-20,Real Sociedad,2029,2,2031,Real Madrid,2209,-2,2207
2020-09-20,Granada CF,2006,4,2010,CD Alavés,1866,-4,1862
2020-09-20,Real Betis,1929,9,1938,Real Valladolid,1893,-9,1884
2020-09-20,SD Huesca,1814,-21,1793,Cádiz CF,1760,21,1781
2020-09-19,Villarreal CF,2032,5,2037,SD Eibar,1918,-5,1913
2020-09-19,Getafe CF,1985,7,1992,CA Osasuna,1960,-7,1953
2020-09-19,Celta Vigo,1909,9,1918,Valencia CF,1988,-9,1979
2020-09-13,Valencia CF,1978,10,1988,Levante UD,1951,-10,1941
2020-09-13,Real Valladolid,1892,1,1893,Real Sociedad,2030,-1,2029
2020-09-13,Villarreal CF,2039,-7,2032,SD Huesca,1807,7,1814
2020-09-13,CD Alavés,1878,-12,1866,Real Betis,1917,12,1929
2020-09-12,Granada CF,1992,10,2002,Athletic Bilbao,1984,-10,1974
2020-09-12,SD Eibar,1921,-3,1918,Celta Vigo,1906,3,1909
2020-09-12,Cádiz CF,1772,-12,1760,CA Osasuna,1948,12,1960
2020-07-19,Atlético Madrid,2203,-7,2196,Real Sociedad,2023,7,2030
2020-07-19,CD Leganés,1916,5,1921,Real Madrid,2222,-5,2217
2020-07-19,CD Alavés,1885,-7,1878,FC Barcelona,2241,7,2248
2020-07-19,Sevilla FC,2094,5,2099,Valencia CF,1983,-5,1978
2020-07-19,Granada CF,1977,15,1992,Athletic Bilbao,1999,-15,1984
2020-07-19,Villarreal CF,2030,9,2039,SD Eibar,1930,-9,1921
2020-07-19,Levante UD,1942,9,1951,Getafe CF,2005,-9,1996
2020-07-19,Real Valladolid,1879,13,1892,Real Betis,1930,-13,1917
2020-07-19,CA Osasuna,1954,-6,1948,RCD Mallorca,1816,6,1822
2020-07-19,Espanyol Barcelona,1859,-2,1857,Celta Vigo,1904,2,1906
2020-07-16,Real Madrid,2219,3,2222,Villarreal CF,2033,-3,2030
2020-07-16,Getafe CF,2017,-12,2005,Atlético Madrid,2191,12,2203
2020-07-16,FC Barcelona,2259,-18,2241,CA Osasuna,1936,18,1954
2020-07-16,Real Sociedad,2024,-1,2023,Sevilla FC,2093,1,2094
2020-07-16,Athletic Bilbao,2023,-24,1999,CD Leganés,1892,24,1916
2020-07-16,Celta Vigo,1916,-12,1904,Levante UD,1930,12,1942
2020-07-16,Valencia CF,1979,4,1983,Espanyol Barcelona,1863,-4,1859
2020-07-16,Real Betis,1945,-15,1930,CD Alavés,1870,15,1885
2020-07-16,SD Eibar,1920,10,1930,Real Valladolid,1889,-10,1879
2020-07-16,RCD Mallorca,1825,-9,1816,Granada CF,1968,9,1977
2020-07-13,Granada CF,1974,-6,1968,Real Madrid,2213,6,2219
2020-07-13,Villarreal CF,2047,-14,2033,Real Sociedad,2010,14,2024
2020-07-13,CD Alavés,1869,1,1870,Getafe CF,2018,-1,2017
2020-07-12,Levante UD,1941,-11,1930,Athletic Bilbao,2012,11,2023
2020-07-12,Sevilla FC,2090,3,2093,RCD Mallorca,1828,-3,1825
2020-07-12,CD Leganés,1882,10,1892,Valencia CF,1989,-10,1979
2020-07-12,Espanyol Barcelona,1881,-18,1863,SD Eibar,1902,18,1920
2020-07-11,Real Valladolid,1893,-4,1889,FC Barcelona,2255,4,2259
2020-07-11,Atlético Madrid,2189,2,2191,Real Betis,1947,-2,1945
2020-07-11,CA Osasuna,1929,7,1936,Celta Vigo,1923,-7,1916
2020-07-10,Real Madrid,2211,2,2213,CD Alavés,1871,-2,1869
2020-07-10,Real Sociedad,2024,-14,2010,Granada CF,1960,14,1974
2020-07-09,Athletic Bilbao,2023,-11,2012,Sevilla FC,2079,11,2090
2020-07-09,SD Eibar,1905,-3,1902,CD Leganés,1879,3,1882
2020-07-09,RCD Mallorca,1811,17,1828,Levante UD,1958,-17,1941
2020-07-08,FC Barcelona,2254,1,2255,Espanyol Barcelona,1882,-1,1881
2020-07-08,Getafe CF,2038,-20,2018,Villarreal CF,2027,20,2047
2020-07-08,Real Betis,1934,13,1947,CA Osasuna,1942,-13,1929
2020-07-07,Celta Vigo,1918,5,1923,Atlético Madrid,2194,-5,2189
2020-07-07,Valencia CF,1984,5,1989,Real Valladolid,1898,-5,1893
2020-07-06,Sevilla FC,2075,4,2079,SD Eibar,1909,-4,1905
2020-07-06,Levante UD,1959,-1,1958,Real Sociedad,2023,1,2024
2020-07-05,Villarreal CF,2040,-13,2027,FC Barcelona,2241,13,2254
2020-07-05,Athletic Bilbao,2031,-8,2023,Real Madrid,2203,8,2211
2020-07-05,CA Osasuna,1942,0,1942,Getafe CF,2038,0,2038
2020-07-05,Espanyol Barcelona,1896,-14,1882,CD Leganés,1865,14,1879
2020-07-04,Granada CF,1962,-2,1960,Valencia CF,1982,2,1984
2020-07-04,Celta Vigo,1921,-3,1918,Real Betis,1931,3,1934
2020-07-04,Real Valladolid,1891,7,1898,CD Alavés,1878,-7,1871
2020-07-03,Atlético Madrid,2192,2,2194,RCD Mallorca,1813,-2,1811
2020-07-02,Real Madrid,2199,4,2203,Getafe CF,2042,-4,2038
2020-07-02,Real Sociedad,2019,4,2023,Espanyol Barcelona,1900,-4,1896
2020-07-02,SD Eibar,1928,-19,1909,CA Osasuna,1923,19,1942
2020-07-01,Valencia CF,2001,-19,1982,Athletic Bilbao,2012,19,2031
2020-07-01,Real Betis,1947,-16,1931,Villarreal CF,2024,16,2040
2020-07-01,Real Valladolid,1892,-1,1891,Levante UD,1958,1,1959
2020-07-01,CD Alavés,1895,-17,1878,Granada CF,1945,17,1962
2022-05-22,FC Barcelona,2175,-21,2154,Villarreal CF,2118,21,2139
2022-05-22,Real Sociedad,2041,-10,2031,Atlético Madrid,2143,10,2153
2022-05-22,Sevilla FC,2098,5,2103,Athletic Bilbao,2027,-5,2022
2022-05-22,Elche CF,1864,13,1877,Getafe CF,1923,-13,1910
2022-05-22,CA Osasuna,1944,-23,1921,RCD Mallorca,1840,23,1863
2022-05-22,Granada CF,1886,-3,1883,Espanyol Barcelona,1884,3,1887
2022-05-22,CD Alavés,1835,-11,1824,Cádiz CF,1891,11,1902
2022-05-21,Valencia CF,1965,11,1976,Celta Vigo,1972,-11,1961
2022-05-20,Real Madrid,2282,-7,2275,Real Betis,2074,7,2081
2022-05-20,Rayo Vallecano,1886,-19,1867,Levante UD,1894,19,1913
2022-05-15,Atlético Madrid,2147,-4,2143,Sevilla FC,2094,4,2098
2022-05-15,Cádiz CF,1884,7,1891,Real Madrid,2289,-7,2282
2022-05-15,Villarreal CF,2133,-15,2118,Real Sociedad,2026,15,2041
2022-05-15,Getafe CF,1919,4,1923,FC Barcelona,2179,-4,2175
2022-05-15,Athletic Bilbao,2019,8,2027,CA Osasuna,1952,-8,1944
2022-05-15,Real Betis,2069,5,2074,Granada CF,1891,-5,1886
2022-05-15,Celta Vigo,1967,5,1972,Elche CF,1869,-5,1864
2022-05-15,Levante UD,1885,9,1894,CD Alavés,1844,-9,1835
2022-05-15,RCD Mallorca,1831,9,1840,Rayo Vallecano,1895,-9,1886
2022-05-14,Espanyol Barcelona,1885,-1,1884,Valencia CF,1964,1,1965
2022-05-12,Real Madrid,2287,2,2289,Levante UD,1887,-2,1885
2022-05-12,Rayo Vallecano,1908,-13,1895,Villarreal CF,2120,13,2133
2022-05-12,Real Sociedad,2019,7,2026,Cádiz CF,1891,-7,1884
2022-05-11,Elche CF,1877,-8,1869,Atlético Madrid,2139,8,2147
2022-05-11,Sevilla FC,2102,-8,2094,RCD Mallorca,1823,8,1831
2022-05-11,CA Osasuna,1956,-4,1952,Getafe CF,1915,4,1919
2022-05-11,CD Alavés,1835,9,1844,Espanyol Barcelona,1894,-9,1885
2022-05-10,FC Barcelona,2175,4,2179,Celta Vigo,1971,-4,1967
2022-05-10,Valencia CF,1983,-19,1964,Real Betis,2050,19,2069
2022-05-10,Granada CF,1880,11,1891,Athletic Bilbao,2030,-11,2019
2022-05-08,Atlético Madrid,2127,12,2139,Real Madrid,2299,-12,2287
2022-05-08,Villarreal CF,2123,-3,2120,Sevilla FC,2099,3,2102
2022-05-08,Espanyol Barcelona,1895,-1,1894,CA Osasuna,1955,1,1956
2022-05-08,Getafe CF,1918,-3,1915,Rayo Vallecano,1905,3,1908
2022-05-07,Real Betis,2060,-10,2050,FC Barcelona,2165,10,2175
2022-05-07,Athletic Bilbao,2034,-4,2030,Valencia CF,1979,4,1983
2022-05-07,Celta Vigo,1963,8,1971,CD Alavés,1843,-8,1835
2022-05-07,Cádiz CF,1878,13,1891,Elche CF,1890,-13,1877
2022-05-07,RCD Mallorca,1846,-23,1823,Granada CF,1857,23,1880
2022-05-06,Levante UD,1875,12,1887,Real Sociedad,2031,-12,2019
2022-05-02,Getafe CF,1917,1,1918,Real Betis,2061,-1,2060
2022-05-01,FC Barcelona,2163,2,2165,RCD Mallorca,1848,-2,1846
2022-05-01,Rayo Vallecano,1904,1,1905,Real Sociedad,2032,-1,2031
2022-05-01,Elche CF,1891,-1,1890,CA Osasuna,1954,1,1955
2022-05-01,Granada CF,1857,0,1857,Celta Vigo,1963,0,1963
2022-04-30,Real Madrid,2277,2,2279,Espanyol Barcelona,1897,-2,1895
2022-04-30,Athletic Bilbao,2018,16,2034,Atlético Madrid,2143,-16,2127
2022-04-30,CD Alavés,1827,16,1843,Villarreal CF,2148,-16,2132
2022-04-30,Valencia CF,1984,-5,1979,Levante UD,1870,5,1875
2022-04-29,Sevilla FC,2106,-7,2099,Cádiz CF,1871,7,1878
2022-04-24,FC Barcelona,2181,-18,2163,Rayo Vallecano,1886,18,1904
2022-04-21,Real Sociedad,2041,-9,2032,FC Barcelona,2172,9,2181
2022-04-21,Levante UD,1877,-7,1870,Sevilla FC,2099,7,2106
2022-04-21,Cádiz CF,1880,-9,1871,Athletic Bilbao,2009,9,2018
2022-04-21,Espanyol Barcelona,1911,-14,1897,Rayo Vallecano,1872,14,1886
2022-04-20,CA Osasuna,1961,-7,1954,Real Madrid,2279,7,2286
2022-04-20,Atlético Madrid,2151,-8,2143,Granada CF,1849,8,1857
2022-04-20,Celta Vigo,1985,-22,1963,Getafe CF,1895,22,1917
2022-04-19,Villarreal CF,2149,5,2154,Valencia CF,1987,-5,1982
2022-04-19,Real Betis,2080,-17,2063,Elche CF,1874,17,1891
2022-04-19,RCD Mallorca,1841,7,1848,CD Alavés,1834,-7,1827
2022-04-18,FC Barcelona,2190,-18,2172,Cádiz CF,1862,18,1880
2022-04-17,Sevilla FC,2107,-8,2099,Real Madrid,2271,8,2279
2022-04-17,Atlético Madrid,2148,3,2151,Espanyol Barcelona,1914,-3,1911
2022-04-17,Athletic Bilbao,2031,-22,2009,Celta Vigo,1963,22,1985
2022-04-17,Granada CF,1872,-23,1849,Levante UD,1854,23,1877
2022-04-16,Getafe CF,1901,-6,1895,Villarreal CF,2143,6,2149
2022-04-16,Valencia CF,2001,-14,1987,CA Osasuna,1947,14,1961
2022-04-16,Elche CF,1862,12,1874,RCD Mallorca,1853,-12,1841
2022-04-16,CD Alavés,1825,9,1834,Rayo Vallecano,1881,-9,1872
2022-04-15,Real Sociedad,2043,-2,2041,Real Betis,2078,2,2080
2022-04-11,Rayo Vallecano,1880,1,1881,Valencia CF,2002,-1,2001
2022-04-10,Levante UD,1858,-4,1854,FC Barcelona,2207,4,2211
2022-04-10,Elche CF,1870,-8,1862,Real Sociedad,2035,8,2043
2022-04-10,Espanyol Barcelona,1905,9,1914,Celta Vigo,1972,-9,1963
2022-04-10,CA Osasuna,1942,5,1947,CD Alavés,1830,-5,1825
2022-04-09,Real Madrid,2290,2,2292,Getafe CF,1903,-2,1901
2022-04-09,Villarreal CF,2138,-5,2133,Athletic Bilbao,2026,5,2031
2022-04-09,RCD Mallorca,1837,16,1853,Atlético Madrid,2160,-16,2144
2022-04-09,Cádiz CF,1869,-7,1862,Real Betis,2071,7,2078
2022-04-08,Sevilla FC,2103,4,2107,Granada CF,1876,-4,1872
2022-04-04,Real Sociedad,2031,4,2035,Espanyol Barcelona,1909,-4,1905
2022-04-03,FC Barcelona,2205,5,2210,Sevilla FC,2108,-5,2103
2022-04-03,Real Betis,2063,8,2071,CA Osasuna,1950,-8,1942
2022-04-03,Athletic Bilbao,2022,4,2026,Elche CF,1874,-4,1870
2022-04-03,Valencia CF,2008,-6,2002,Cádiz CF,1863,6,1869
2022-04-03,Granada CF,1879,-3,1876,Rayo Vallecano,1877,3,1880
2022-04-02,Celta Vigo,1977,-5,1972,Real Madrid,2257,5,2262
2022-04-02,Atlético Madrid,2162,3,2165,CD Alavés,1833,-3,1830
2022-04-02,Levante UD,1835,23,1858,Villarreal CF,2140,-23,2117
2022-04-02,Getafe CF,1897,6,1903,RCD Mallorca,1843,-6,1837
2022-03-20,Real Madrid,2286,-29,2257,FC Barcelona,2176,29,2205
2022-03-20,Sevilla FC,2113,-5,2108,Real Sociedad,2026,5,2031
2022-03-20,Celta Vigo,1977,0,1977,Real Betis,2063,0,2063
2022-03-20,Cádiz CF,1848,15,1863,Villarreal CF,2155,-15,2140
2022-03-20,Espanyol Barcelona,1903,6,1909,RCD Mallorca,1849,-6,1843
2022-03-19,Rayo Vallecano,1882,-5,1877,Atlético Madrid,2157,5,2162
2022-03-19,Elche CF,1884,-10,1874,Valencia CF,1998,10,2008
2022-03-19,CA Osasuna,1943,7,1950,Levante UD,1842,-7,1835
2022-03-19,CD Alavés,1845,-12,1833,Granada CF,1867,12,1879
2022-03-18,Athletic Bilbao,2028,-6,2022,Getafe CF,1891,6,1897
2022-03-14,RCD Mallorca,1854,-5,1849,Real Madrid,2281,5,2286
2022-03-13,FC Barcelona,2167,5,2172,CA Osasuna,1948,-5,1943
2022-03-13,Real Betis,2054,7,2061,Athletic Bilbao,2035,-7,2028
2022-03-13,Rayo Vallecano,1878,4,1882,Sevilla FC,2134,-4,2130
2022-03-13,Real Sociedad,2023,3,2026,CD Alavés,1848,-3,1845
2022-03-12,Villarreal CF,2112,4,2116,Celta Vigo,1981,-4,1977
2022-03-12,Getafe CF,1891,0,1891,Valencia CF,1998,0,1998
2022-03-12,Granada CF,1880,-13,1867,Elche CF,1871,13,1884
2022-03-12,Levante UD,1843,-1,1842,Espanyol Barcelona,1902,1,1903
2022-03-11,Atlético Madrid,2135,2,2137,Cádiz CF,1850,-2,1848
2022-03-07,Athletic Bilbao,2030,5,2035,Levante UD,1848,-5,1843
2022-03-06,Real Betis,2090,-18,2072,Atlético Madrid,2117,18,2135
2022-03-06,Elche CF,1876,-5,1871,FC Barcelona,2173,5,2178
2022-03-06,Celta Vigo,1977,4,1981,RCD Mallorca,1858,-4,1854
2022-03-06,Cádiz CF,1837,13,1850,Rayo Vallecano,1891,-13,1878
2022-03-05,Real Madrid,2265,4,2269,Real Sociedad,2027,-4,2023
2022-03-05,CA Osasuna,1936,12,1948,Villarreal CF,2124,-12,2112
2022-03-05,Valencia CF,1991,7,1998,Granada CF,1887,-7,1880
2022-03-05,Espanyol Barcelona,1891,11,1902,Getafe CF,1902,-11,1891
2022-03-04,CD Alavés,1843,5,1848,Sevilla FC,2132,-5,2127
2022-03-02,RCD Mallorca,1871,-13,1858,Real Sociedad,2014,13,2027
2022-02-28,Granada CF,1891,-4,1887,Cádiz CF,1833,4,1837
2022-02-27,Sevilla FC,2125,7,2132,Real Betis,2104,-7,2097
2022-02-27,FC Barcelona,2165,8,2173,Athletic Bilbao,2047,-8,2039
2022-02-27,Villarreal CF,2119,5,2124,Espanyol Barcelona,1896,-5,1891
2022-02-27,Real Sociedad,2008,6,2014,CA Osasuna,1942,-6,1936
2022-02-26,Rayo Vallecano,1887,-3,1884,Real Madrid,2262,3,2265
2022-02-26,Atlético Madrid,2111,6,2117,Celta Vigo,1983,-6,1977
2022-02-26,RCD Mallorca,1881,-10,1871,Valencia CF,1972,10,1982
2022-02-26,Getafe CF,1906,-4,1902,CD Alavés,1839,4,1843
2022-02-25,Levante UD,1833,15,1848,Elche CF,1891,-15,1876
2022-02-21,Celta Vigo,1989,-6,1983,Levante UD,1827,6,1833
2022-02-20,Valencia CF,1988,-16,1972,FC Barcelona,2127,16,2143
2022-02-20,Athletic Bilbao,2033,14,2047,Real Sociedad,2043,-14,2029
2022-02-20,Espanyol Barcelona,1892,4,1896,Sevilla FC,2146,-4,2142
2022-02-20,Real Betis,2108,3,2111,RCD Mallorca,1884,-3,1881
2022-02-19,Real Madrid,2260,2,2262,CD Alavés,1841,-2,1839
2022-02-19,CA Osasuna,1957,-15,1942,Atlético Madrid,2098,15,2113
2022-02-19,Granada CF,1903,-12,1891,Villarreal CF,2109,12,2121
2022-02-19,Cádiz CF,1834,-1,1833,Getafe CF,1905,1,1906
2022-02-18,Elche CF,1883,8,1891,Rayo Vallecano,1895,-8,1887
2022-02-16,Atlético Madrid,2116,-18,2098,Levante UD,1809,18,1827
2022-02-14,RCD Mallorca,1872,12,1884,Athletic Bilbao,2045,-12,2033
2022-02-13,Espanyol Barcelona,1888,4,1892,FC Barcelona,2135,-4,2131
2022-02-13,Real Sociedad,2031,7,2038,Granada CF,1910,-7,1903
2022-02-13,Levante UD,1817,-8,1809,Real Betis,2087,8,2095
2022-02-13,CD Alavés,1829,12,1841,Valencia CF,2000,-12,1988
2022-02-12,Villarreal CF,2107,2,2109,Real Madrid,2275,-2,2273
2022-02-12,Atlético Madrid,2113,3,2116,Getafe CF,1908,-3,1905
2022-02-12,Rayo Vallecano,1917,-22,1895,CA Osasuna,1935,22,1957
2022-02-12,Cádiz CF,1832,2,1834,Celta Vigo,1991,-2,1989
2022-02-11,Sevilla FC,2136,4,2140,Elche CF,1887,-4,1883
2022-02-07,Athletic Bilbao,2045,4,2049,Espanyol Barcelona,1892,-4,1888
2022-02-06,FC Barcelona,2124,11,2135,Atlético Madrid,2124,-11,2113
2022-02-06,Real Madrid,2274,1,2275,Granada CF,1911,-1,1910
2022-02-06,Real Betis,2098,-20,2078,Villarreal CF,2087,20,2107
2022-02-06,Valencia CF,1998,-2,1996,Real Sociedad,2029,2,2031
2022-02-05,CA Osasuna,1932,3,1935,Sevilla FC,2139,-3,2136
2022-02-05,Celta Vigo,1982,9,1991,Rayo Vallecano,1935,-9,1926
2022-02-05,Elche CF,1878,9,1887,CD Alavés,1838,-9,1829
2022-02-05,RCD Mallorca,1866,6,1872,Cádiz CF,1838,-6,1832
2022-02-04,Getafe CF,1899,9,1908,Levante UD,1826,-9,1817
2022-01-23,Real Madrid,2297,-9,2288,Elche CF,1869,9,1878
2022-01-23,CD Alavés,1843,-5,1838,FC Barcelona,2119,5,2124
2022-01-23,Rayo Vallecano,1940,-11,1929,Athletic Bilbao,2020,11,2031
2022-01-23,Real Sociedad,2058,-6,2052,Getafe CF,1893,6,1899
2022-01-23,Granada CF,1931,-20,1911,CA Osasuna,1912,20,1932
2022-01-22,Sevilla FC,2146,-7,2139,Celta Vigo,1975,7,1982
2022-01-22,Atlético Madrid,2120,4,2124,Valencia CF,1998,-4,1994
2022-01-22,Villarreal CF,2082,5,2087,RCD Mallorca,1877,-5,1872
2022-01-22,Levante UD,1846,-20,1826,Cádiz CF,1822,20,1842
2022-01-21,Espanyol Barcelona,1907,-15,1892,Real Betis,2060,15,2075
2022-01-20,Getafe CF,1880,13,1893,Granada CF,1944,-13,1931
2022-01-19,Valencia CF,1997,1,1998,Sevilla FC,2147,-1,2146
2022-01-19,Celta Vigo,1966,9,1975,CA Osasuna,1921,-9,1912
2022-01-18,Real Betis,2055,5,2060,CD Alavés,1848,-5,1843
2022-01-18,Cádiz CF,1822,0,1822,Espanyol Barcelona,1907,0,1907
2022-01-16,Elche CF,1858,14,1872,Villarreal CF,2096,-14,2082
2022-01-10,Espanyol Barcelona,1930,-15,1915,Elche CF,1843,15,1858
2022-01-09,Villarreal CF,2097,-1,2096,Atlético Madrid,2148,1,2149
2022-01-09,Sevilla FC,2155,2,2157,Getafe CF,1882,-2,1880
2022-01-09,Rayo Vallecano,1929,0,1929,Real Betis,2045,0,2045
2022-01-09,CD Alavés,1846,2,1848,Athletic Bilbao,2002,-2,2000
2022-01-09,CA Osasuna,1913,8,1921,Cádiz CF,1829,-8,1821
2022-01-08,Real Madrid,2280,3,2283,Valencia CF,1995,-3,1992
2022-01-08,Granada CF,1941,3,1944,FC Barcelona,2139,-3,2136
2022-01-08,Real Sociedad,2037,6,2043,Celta Vigo,1972,-6,1966
2022-01-08,Levante UD,1833,13,1846,RCD Mallorca,1882,-13,1869
2022-01-03,Cádiz CF,1824,-4,1820,Sevilla FC,2147,4,2151
2022-01-03,Villarreal CF,2110,4,2114,Levante UD,1837,-4,1833
2022-01-03,CA Osasuna,1940,-17,1923,Athletic Bilbao,1985,17,2002
2022-01-02,Getafe CF,1865,17,1882,Real Madrid,2295,-17,2278
2022-01-02,Atlético Madrid,2140,4,2144,Rayo Vallecano,1926,-4,1922
2022-01-02,Real Betis,2054,-22,2032,Celta Vigo,1965,22,1987
2022-01-02,RCD Mallorca,1875,-6,1869,FC Barcelona,2133,6,2139
2022-01-02,CD Alavés,1843,3,1846,Real Sociedad,2033,-3,2030
2022-01-02,Elche CF,1829,0,1829,Granada CF,1941,0,1941
2021-12-31,Valencia CF,2004,-15,1989,Espanyol Barcelona,1917,15,1932
2021-12-22,Athletic Bilbao,1990,-5,1985,Real Madrid,2290,5,2295
2021-12-22,Granada CF,1928,13,1941,Atlético Madrid,2153,-13,2140
2021-12-21,Sevilla FC,2150,-3,2147,FC Barcelona,2130,3,2133
2021-12-21,Villarreal CF,2106,4,2110,CD Alavés,1847,-4,1843
2021-12-20,Levante UD,1846,-9,1837,Valencia CF,1995,9,2004
2021-12-19,Real Madrid,2299,-9,2290,Cádiz CF,1815,9,1824
2021-12-19,Athletic Bilbao,1980,10,1990,Real Betis,2064,-10,2054
2021-12-19,Getafe CF,1855,10,1865,CA Osasuna,1950,-10,1940
2021-12-19,Granada CF,1917,11,1928,RCD Mallorca,1886,-11,1875
2021-12-18,Sevilla FC,2142,8,2150,Atlético Madrid,2161,-8,2153
2021-12-18,Real Sociedad,2051,-18,2033,Villarreal CF,2088,18,2106
2021-12-18,FC Barcelona,2128,2,2130,Elche CF,1831,-2,1829
2021-12-18,Rayo Vallecano,1918,8,1926,CD Alavés,1855,-8,1847
2021-12-17,Celta Vigo,1955,10,1965,Espanyol Barcelona,1927,-10,1917
2021-12-13,Cádiz CF,1807,0,1807,Granada CF,1917,0,1917
2021-12-12,Real Madrid,2293,6,2299,Atlético Madrid,2167,-6,2161
2021-12-12,Real Betis,2050,14,2064,Real Sociedad,2065,-14,2051
2021-12-12,CA Osasuna,1940,3,1943,FC Barcelona,2131,-3,2128
2021-12-12,Villarreal CF,2083,5,2088,Rayo Vallecano,1923,-5,1918
2021-12-11,Athletic Bilbao,1989,-9,1980,Sevilla FC,2133,9,2142
2021-12-11,Valencia CF,1991,4,1995,Elche CF,1835,-4,1831
2021-12-11,Espanyol Barcelona,1922,5,1927,Levante UD,1853,-5,1848
2021-12-11,CD Alavés,1857,-2,1855,Getafe CF,1879,2,1881
2021-12-10,RCD Mallorca,1887,-1,1886,Celta Vigo,1954,1,1955
2021-12-06,Getafe CF,1879,0,1879,Athletic Bilbao,1989,0,1989
2021-12-05,Celta Vigo,1966,-12,1954,Valencia CF,1979,12,1991
2021-12-05,Rayo Vallecano,1915,8,1923,Espanyol Barcelona,1930,-8,1922
2021-12-05,Levante UD,1853,0,1853,CA Osasuna,1940,0,1940
2021-12-05,Elche CF,1825,10,1835,Cádiz CF,1817,-10,1807
2021-12-04,Real Sociedad,2061,-10,2051,Real Madrid,2269,10,2279
2021-12-04,Sevilla FC,2142,5,2147,Villarreal CF,2065,-5,2060
2021-12-04,FC Barcelona,2152,-15,2137,Real Betis,2049,15,2064
2021-12-04,Atlético Madrid,2158,-18,2140,RCD Mallorca,1869,18,1887
2021-12-03,Granada CF,1911,6,1917,CD Alavés,1863,-6,1857
2021-12-01,Real Madrid,2267,2,2269,Athletic Bilbao,1991,-2,1989
2021-11-29,CA Osasuna,1946,-6,1940,Elche CF,1819,6,1825
2021-11-28,Real Madrid,2263,4,2267,Sevilla FC,2144,-4,2140
2021-11-28,Espanyol Barcelona,1918,12,1930,Real Sociedad,2073,-12,2061
2021-11-28,Cádiz CF,1824,-7,1817,Atlético Madrid,2151,7,2158
2021-11-28,Real Betis,2044,5,2049,Levante UD,1858,-5,1853
2021-11-27,Villarreal CF,2082,-17,2065,FC Barcelona,2135,17,2152
2021-11-27,Valencia CF,1984,-5,1979,Rayo Vallecano,1910,5,1915
2021-11-27,CD Alavés,1873,-10,1863,Celta Vigo,1956,10,1966
2021-11-27,RCD Mallorca,1872,-3,1869,Getafe CF,1870,3,1873
2021-11-26,Athletic Bilbao,1996,-5,1991,Granada CF,1906,5,1911
2021-11-22,Rayo Vallecano,1900,10,1910,RCD Mallorca,1882,-10,1872
2021-11-21,Granada CF,1913,-7,1906,Real Madrid,2250,7,2257
2021-11-21,Real Sociedad,2090,-5,2085,Valencia CF,1979,5,1984
2021-11-21,Elche CF,1832,-13,1819,Real Betis,2024,13,2037
2021-11-21,Getafe CF,1858,12,1870,Cádiz CF,1836,-12,1824
2021-11-20,Atlético Madrid,2169,3,2172,CA Osasuna,1949,-3,1946
2021-11-20,Celta Vigo,1954,2,1956,Villarreal CF,2112,-2,2110
2021-11-20,FC Barcelona,2138,3,2141,Espanyol Barcelona,1921,-3,1918
2021-11-20,Sevilla FC,2141,-8,2133,CD Alavés,1865,8,1873
2021-11-19,Levante UD,1857,1,1858,Athletic Bilbao,1997,-1,1996
2021-11-07,Real Betis,2040,-16,2024,Sevilla FC,2125,16,2141
2021-11-07,Valencia CF,1976,3,1979,Atlético Madrid,2172,-3,2169
2021-11-07,CA Osasuna,1963,-14,1949,Real Sociedad,2076,14,2090
2021-11-07,Villarreal CF,2110,2,2112,Getafe CF,1860,-2,1858
2021-11-07,RCD Mallorca,1886,-4,1882,Elche CF,1828,4,1832
2021-11-06,Real Madrid,2249,1,2250,Rayo Vallecano,1901,-1,1900
2021-11-06,Celta Vigo,1952,2,1954,FC Barcelona,2140,-2,2138
2021-11-06,Espanyol Barcelona,1910,11,1921,Granada CF,1924,-11,1913
2021-11-06,CD Alavés,1858,7,1865,Levante UD,1864,-7,1857
2021-11-05,Athletic Bilbao,2014,-17,1997,Cádiz CF,1819,17,1836
2021-11-01,Rayo Vallecano,1903,-2,1901,Celta Vigo,1950,2,1952
2021-11-01,Levante UD,1886,-22,1864,Granada CF,1902,22,1924
2021-10-31,Atlético Madrid,2174,8,2182,Real Betis,2067,-8,2059
2021-10-31,Real Sociedad,2091,-5,2086,Athletic Bilbao,2009,5,2014
2021-10-31,Getafe CF,1851,9,1860,Espanyol Barcelona,1919,-9,1910
2021-10-31,Cádiz CF,1820,-1,1819,RCD Mallorca,1885,1,1886
2021-10-30,Sevilla FC,2144,5,2149,CA Osasuna,1968,-5,1963
2021-10-30,Valencia CF,1958,18,1976,Villarreal CF,2117,-18,2099
2021-10-30,Elche CF,1831,-3,1828,Real Madrid,2242,3,2245
2021-10-30,FC Barcelona,2135,-8,2127,CD Alavés,1850,8,1858
2021-10-28,Levante UD,1881,5,1886,Atlético Madrid,2179,-5,2174
2021-10-28,Celta Vigo,1965,-15,1950,Real Sociedad,2076,15,2091
2021-10-28,Granada CF,1906,-4,1902,Getafe CF,1847,4,1851
2021-10-27,Real Madrid,2250,-8,2242,CA Osasuna,1960,8,1968
2021-10-27,Rayo Vallecano,1889,14,1903,FC Barcelona,2149,-14,2135
2021-10-27,RCD Mallorca,1881,4,1885,Sevilla FC,2148,-4,2144
2021-10-27,Real Betis,2058,9,2067,Valencia CF,1967,-9,1958
2021-10-26,Villarreal CF,2125,-8,2117,Cádiz CF,1812,8,1820
2021-10-26,Espanyol Barcelona,1919,0,1919,Athletic Bilbao,2009,0,2009
2021-10-26,CD Alavés,1843,7,1850,Elche CF,1838,-7,1831
2021-10-25,Getafe CF,1865,-18,1847,Celta Vigo,1947,18,1965
2021-10-24,FC Barcelona,2160,-11,2149,Real Madrid,2239,11,2250
2021-10-24,Atlético Madrid,2184,-5,2179,Real Sociedad,2071,5,2076
2021-10-24,Sevilla FC,2145,3,2148,Levante UD,1884,-3,1881
2021-10-24,Real Betis,2054,4,2058,Rayo Vallecano,1893,-4,1889
2021-10-23,Athletic Bilbao,1998,11,2009,Villarreal CF,2136,-11,2125
2021-10-23,Valencia CF,1972,-5,1967,RCD Mallorca,1876,5,1881
2021-10-23,Elche CF,1839,-1,1838,Espanyol Barcelona,1918,1,1919
2021-10-23,Cádiz CF,1831,-19,1812,CD Alavés,1824,19,1843
2021-10-22,CA Osasuna,1964,-4,1960,Granada CF,1902,4,1906
2021-10-18,CD Alavés,1831,-7,1824,Real Betis,2050,7,2057
2021-10-18,Espanyol Barcelona,1910,8,1918,Cádiz CF,1839,-8,1831
2021-10-17,FC Barcelona,2150,5,2155,Valencia CF,1977,-5,1972
2021-10-17,Celta Vigo,1955,-8,1947,Sevilla FC,2138,8,2146
2021-10-17,Villarreal CF,2123,-17,2106,CA Osasuna,1947,17,1964
2021-10-17,Rayo Vallecano,1887,6,1893,Elche CF,1845,-6,1839
2021-10-16,Real Sociedad,2061,3,2064,RCD Mallorca,1879,-3,1876
2021-10-16,Levante UD,1888,-4,1884,Getafe CF,1861,4,1865
2021-10-03,Villarreal CF,2114,9,2123,Real Betis,2059,-9,2050
2021-10-03,Espanyol Barcelona,1894,16,1910,Real Madrid,2233,-16,2217
2021-10-03,Granada CF,1888,14,1902,Sevilla FC,2152,-14,2138
2021-10-03,Getafe CF,1858,3,1861,Real Sociedad,2064,-3,2061
2021-10-03,Elche CF,1834,11,1845,Celta Vigo,1966,-11,1955
2021-10-02,Atlético Madrid,2190,10,2200,FC Barcelona,2160,-10,2150
2021-10-02,CA Osasuna,1941,6,1947,Rayo Vallecano,1893,-6,1887
2021-10-02,Cádiz CF,1838,1,1839,Valencia CF,1978,-1,1977
2021-10-02,RCD Mallorca,1871,8,1879,Levante UD,1896,-8,1888
2021-10-01,Athletic Bilbao,1994,4,1998,CD Alavés,1835,-4,1831
2021-09-27,Celta Vigo,1960,6,1966,Granada CF,1894,-6,1888
2021-09-26,FC Barcelona,2183,3,2186,Levante UD,1899,-3,1896
2021-09-26,Real Sociedad,2067,3,2070,Elche CF,1837,-3,1834
2021-09-26,Real Betis,2036,5,2041,Getafe CF,1863,-5,1858
2021-09-26,RCD Mallorca,1883,-12,1871,CA Osasuna,1929,12,1941
2021-09-26,Rayo Vallecano,1884,9,1893,Cádiz CF,1847,-9,1838
2021-09-25,Real Madrid,2268,-6,2262,Villarreal CF,2117,6,2123
2021-09-25,Sevilla FC,2149,3,2152,Espanyol Barcelona,1897,-3,1894
2021-09-25,CD Alavés,1819,16,1835,Atlético Madrid,2188,-16,2172
2021-09-25,Valencia CF,1980,-2,1978,Athletic Bilbao,1992,2,1994
2021-09-23,Cádiz CF,1841,6,1847,FC Barcelona,2189,-6,2183
2021-09-23,CA Osasuna,1945,-16,1929,Real Betis,2020,16,2036
2021-09-23,Granada CF,1902,-8,1894,Real Sociedad,2059,8,2067
2021-09-22,Real Madrid,2266,2,2268,RCD Mallorca,1885,-2,1883
2021-09-22,Sevilla FC,2143,6,2149,Valencia CF,1986,-6,1980
2021-09-22,Villarreal CF,2113,4,2117,Elche CF,1841,-4,1837
2021-09-22,Espanyol Barcelona,1891,6,1897,CD Alavés,1825,-6,1819
2021-09-21,Getafe CF,1867,-4,1863,Atlético Madrid,2184,4,2188
2021-09-21,Athletic Bilbao,2008,-16,1992,Rayo Vallecano,1868,16,1884
2021-09-21,Levante UD,1917,-18,1899,Celta Vigo,1942,18,1960
2021-09-20,FC Barcelona,2197,-8,2189,Granada CF,1894,8,1902
2021-09-19,Valencia CF,1991,-5,1986,Real Madrid,2261,5,2266
2021-09-19,Real Sociedad,2060,-1,2059,Sevilla FC,2142,1,2143
2021-09-19,RCD Mallorca,1881,4,1885,Villarreal CF,2117,-4,2113
2021-09-19,Real Betis,2026,-6,2020,Espanyol Barcelona,1885,6,1891
2021-09-18,Atlético Madrid,2191,-7,2184,Athletic Bilbao,2001,7,2008
2021-09-18,CD Alavés,1841,-16,1825,CA Osasuna,1929,16,1945
2021-09-18,Elche CF,1842,-1,1841,Levante UD,1916,1,1917
2021-09-18,Rayo Vallecano,1854,14,1868,Getafe CF,1881,-14,1867
2021-09-17,Celta Vigo,1958,-16,1942,Cádiz CF,1825,16,1841
2021-09-13,Granada CF,1904,-10,1894,Real Betis,2011,10,2021
2021-09-13,Getafe CF,1895,-14,1881,Elche CF,1828,14,1842
2021-09-12,Real Madrid,2238,4,2242,Celta Vigo,1962,-4,1958
2021-09-12,Espanyol Barcelona,1890,-5,1885,Atlético Madrid,2193,5,2198
2021-09-12,CA Osasuna,1951,-22,1929,Valencia CF,1969,22,1991
2021-09-12,Cádiz CF,1835,-10,1825,Real Sociedad,2047,10,2057
2021-09-11,Athletic Bilbao,1994,7,2001,RCD Mallorca,1888,-7,1881
2021-09-11,Levante UD,1921,-5,1916,Rayo Vallecano,1849,5,1854
2021-08-29,Atlético Madrid,2198,-5,2193,Villarreal CF,2116,5,2121
2021-08-29,FC Barcelona,2217,2,2219,Getafe CF,1897,-2,1895
2021-08-29,Cádiz CF,1845,-10,1835,CA Osasuna,1941,10,1951
2021-08-29,Rayo Vallecano,1831,18,1849,Granada CF,1922,-18,1904
2021-08-28,Real Betis,2018,-7,2011,Real Madrid,2231,7,2238
2021-08-28,Elche CF,1822,6,1828,Sevilla FC,2154,-6,2148
2021-08-28,Real Sociedad,2043,4,2047,Levante UD,1925,-4,1921
2021-08-28,Celta Vigo,1975,-13,1962,Athletic Bilbao,1981,13,1994
2021-08-27,Valencia CF,1961,8,1969,CD Alavés,1849,-8,1841
2021-08-27,RCD Mallorca,1880,8,1888,Espanyol Barcelona,1898,-8,1890
2021-08-23,Getafe CF,1903,-6,1897,Sevilla FC,2148,6,2154
2021-08-23,CA Osasuna,1943,-2,1941,Celta Vigo,1973,2,1975
2021-08-22,Levante UD,1919,6,1925,Real Madrid,2237,-6,2231
2021-08-22,Atlético Madrid,2197,1,2198,Elche CF,1823,-1,1822
2021-08-22,Real Sociedad,2040,3,2043,Rayo Vallecano,1834,-3,1831
2021-08-21,Athletic Bilbao,1977,4,1981,FC Barcelona,2221,-4,2217
2021-08-21,Espanyol Barcelona,1895,3,1898,Villarreal CF,2119,-3,2116
2021-08-21,Granada CF,1924,-2,1922,Valencia CF,1959,2,1961
2021-08-21,CD Alavés,1862,-13,1849,RCD Mallorca,1867,13,1880
2021-08-20,Real Betis,2025,-7,2018,Cádiz CF,1838,7,1845
2021-08-16,Villarreal CF,2126,-7,2119,Granada CF,1917,7,1924
2021-08-16,Elche CF,1821,2,1823,Athletic Bilbao,1979,-2,1977
2021-08-15,FC Barcelona,2216,5,2221,Real Sociedad,2045,-5,2040
2021-08-15,Celta Vigo,1980,-7,1973,Atlético Madrid,2190,7,2197
2021-08-15,Sevilla FC,2145,3,2148,Rayo Vallecano,1837,-3,1834
2021-08-14,CD Alavés,1868,-6,1862,Real Madrid,2231,6,2237
2021-08-14,RCD Mallorca,1865,2,1867,Real Betis,2027,-2,2025
2021-08-14,CA Osasuna,1947,-4,1943,Espanyol Barcelona,1891,4,1895
2021-08-14,Cádiz CF,1839,-1,1838,Levante UD,1918,1,1919
2021-08-13,Valencia CF,1953,6,1959,Getafe CF,1909,-6,1903
2023-02-27,Villarreal CF,2035,,,Getafe CF,1895,,
2023-02-26,UD Almería,1860,17,1877,FC Barcelona,2240,-17,2223
2023-02-26,Sevilla FC,2008,-14,1994,CA Osasuna,1956,14,1970
2023-02-26,Athletic Bilbao,2045,-16,2029,Girona FC,1886,16,1902
2023-02-26,Celta Vigo,1928,10,1938,Real Valladolid,1876,-10,1866
2023-02-25,Real Madrid,2308,-7,2301,Atlético Madrid,2105,7,2112
2023-02-25,Valencia CF,1925,12,1937,Real Sociedad,2088,-12,2076
2023-02-25,Espanyol Barcelona,1904,8,1912,RCD Mallorca,1938,-8,1930
2023-02-25,Cádiz CF,1883,8,1891,Rayo Vallecano,1926,-8,1918
2023-02-24,Elche CF,1822,-6,1816,Real Betis,2076,6,2082
2023-02-20,Getafe CF,1886,9,1895,Valencia CF,1934,-9,1925
2023-02-19,Atlético Madrid,2099,6,2105,Athletic Bilbao,2051,-6,2045
2023-02-19,FC Barcelona,2249,2,2251,Cádiz CF,1885,-2,1883
2023-02-19,Rayo Vallecano,1926,0,1926,Sevilla FC,2022,0,2022
2023-02-19,Elche CF,1833,-11,1822,Espanyol Barcelona,1893,11,1904
2023-02-18,CA Osasuna,1963,-7,1956,Real Madrid,2270,7,2277
2023-02-18,Real Sociedad,2095,-7,2088,Celta Vigo,1921,7,1928
2023-02-18,RCD Mallorca,1922,16,1938,Villarreal CF,2051,-16,2035
2023-02-18,Real Betis,2073,3,2076,Real Valladolid,1879,-3,1876
2023-02-17,Girona FC,1873,13,1886,UD Almería,1873,-13,1860
2023-02-15,Real Madrid,2268,2,2270,Elche CF,1835,-2,1833
2023-02-13,Espanyol Barcelona,1901,-8,1893,Real Sociedad,2087,8,2095
2023-02-12,Villarreal CF,2058,-7,2051,FC Barcelona,2248,7,2255
2023-02-12,Celta Vigo,1929,-8,1921,Atlético Madrid,2091,8,2099
2023-02-12,Real Valladolid,1880,-1,1879,CA Osasuna,1962,1,1963
2023-02-12,Getafe CF,1888,-2,1886,Rayo Vallecano,1924,2,1926
2023-02-11,Valencia CF,1944,-10,1934,Athletic Bilbao,2041,10,2051
2023-02-11,UD Almería,1881,-8,1873,Real Betis,2065,8,2073
2023-02-11,Sevilla FC,1996,8,2004,RCD Mallorca,1930,-8,1922
2023-02-10,Cádiz CF,1874,11,1885,Girona FC,1884,-11,1873
2023-02-06,Rayo Vallecano,1914,10,1924,UD Almería,1891,-10,1881
2023-02-05,FC Barcelona,2244,4,2248,Sevilla FC,2000,-4,1996
2023-02-05,RCD Mallorca,1913,17,1930,Real Madrid,2285,-17,2268
2023-02-05,Real Sociedad,2105,-18,2087,Real Valladolid,1862,18,1880
2023-02-05,Girona FC,1875,9,1884,Valencia CF,1953,-9,1944
2023-02-04,Real Betis,2081,-16,2065,Celta Vigo,1913,16,1929
2023-02-04,Atlético Madrid,2098,-7,2091,Getafe CF,1881,7,1888
2023-02-04,Elche CF,1813,22,1835,Villarreal CF,2080,-22,2058
2023-02-04,Espanyol Barcelona,1902,-1,1901,CA Osasuna,1961,1,1962
2023-02-03,Athletic Bilbao,2034,7,2041,Cádiz CF,1881,-7,1874
2023-02-02,Real Madrid,2283,2,2285,Valencia CF,1955,-2,1953
2023-02-01,Real Betis,2090,-9,2081,FC Barcelona,2235,9,2244
2023-01-30,Villarreal CF,2097,-17,2080,Rayo Vallecano,1897,17,1914
2023-01-29,Real Madrid,2290,-7,2283,Real Sociedad,2098,7,2105
2023-01-29,CA Osasuna,1970,-9,1961,Atlético Madrid,2089,9,2098
2023-01-29,Celta Vigo,1902,11,1913,Athletic Bilbao,2045,-11,2034
2023-01-29,Real Valladolid,1852,10,1862,Valencia CF,1965,-10,1955
2023-01-28,Girona FC,1879,-4,1875,FC Barcelona,2231,4,2235
2023-01-28,Getafe CF,1888,-7,1881,Real Betis,2083,7,2090
2023-01-28,Sevilla FC,1994,6,2000,Elche CF,1819,-6,1813
2023-01-28,Cádiz CF,1868,13,1881,RCD Mallorca,1926,-13,1913
2023-01-27,UD Almería,1879,12,1891,Espanyol Barcelona,1914,-12,1902
2023-01-23,Valencia CF,1988,-6,1982,UD Almería,1873,6,1879
2023-01-22,Athletic Bilbao,2037,-9,2028,Real Madrid,2276,9,2285
2023-01-22,FC Barcelona,2225,2,2227,Getafe CF,1890,-2,1888
2023-01-22,Villarreal CF,2094,3,2097,Girona FC,1882,-3,1879
2023-01-22,Elche CF,1818,1,1819,CA Osasuna,1963,-1,1962
2023-01-21,Rayo Vallecano,1909,-12,1897,Real Sociedad,2090,12,2102
2023-01-21,Espanyol Barcelona,1901,13,1914,Real Betis,2096,-13,2083
2023-01-21,Atlético Madrid,2090,4,2094,Real Valladolid,1856,-4,1852
2023-01-21,Sevilla FC,1998,4,2002,Cádiz CF,1872,-4,1868
2023-01-20,RCD Mallorca,1919,7,1926,Celta Vigo,1909,-7,1902
2023-01-16,Cádiz CF,1876,-4,1872,Elche CF,1814,4,1818
2023-01-15,UD Almería,1870,3,1873,Atlético Madrid,2081,-3,2078
2023-01-15,Getafe CF,1903,-13,1890,Espanyol Barcelona,1892,13,1905
2023-01-14,Real Sociedad,2076,10,2086,Athletic Bilbao,2043,-10,2033
2023-01-14,CA Osasuna,1950,7,1957,RCD Mallorca,1930,-7,1923
2023-01-14,Girona FC,1871,11,1882,Sevilla FC,2001,-11,1990
2023-01-14,Real Valladolid,1868,-12,1856,Rayo Vallecano,1897,12,1909
2023-01-13,Celta Vigo,1906,3,1909,Villarreal CF,2105,-3,2102
2023-01-09,Athletic Bilbao,2048,-5,2043,CA Osasuna,1945,5,1950
2023-01-08,Atlético Madrid,2091,-10,2081,FC Barcelona,2200,10,2210
2023-01-08,Rayo Vallecano,1905,-8,1897,Real Betis,2091,8,2099
2023-01-08,UD Almería,1881,-11,1870,Real Sociedad,2065,11,2076
2023-01-08,Sevilla FC,1996,5,2001,Getafe CF,1908,-5,1903
2023-01-07,Villarreal CF,2092,13,2105,Real Madrid,2306,-13,2293
2023-01-07,RCD Mallorca,1924,6,1930,Real Valladolid,1874,-6,1868
2023-01-07,Espanyol Barcelona,1896,-4,1892,Girona FC,1867,4,1871
2023-01-06,Valencia CF,1985,-16,1969,Cádiz CF,1860,16,1876
2023-01-06,Elche CF,1825,-11,1814,Celta Vigo,1895,11,1906
2022-12-31,FC Barcelona,2208,-8,2200,Espanyol Barcelona,1876,8,1884
2022-12-31,Villarreal CF,2080,5,2085,Valencia CF,1990,-5,1985
2022-12-31,Real Sociedad,2056,7,2063,CA Osasuna,1948,-7,1941
2022-12-30,Real Valladolid,1888,-4,1884,Real Madrid,2302,4,2306
2022-12-30,Celta Vigo,1907,0,1907,Sevilla FC,1996,0,1996
2022-12-30,Getafe CF,1904,12,1916,RCD Mallorca,1926,-12,1914
2022-12-30,Cádiz CF,1862,-2,1860,UD Almería,1879,2,1881
2022-12-29,Real Betis,2095,-4,2091,Athletic Bilbao,2037,4,2041
2022-12-29,Atlético Madrid,2081,3,2084,Elche CF,1828,-3,1825
2022-12-29,Girona FC,1868,-1,1867,Rayo Vallecano,1922,1,1923
2022-11-10,Real Madrid,2301,1,2302,Cádiz CF,1876,-1,1875
2022-11-10,Valencia CF,1970,20,1990,Real Betis,2115,-20,2095
2022-11-10,Rayo Vallecano,1921,-3,1918,Celta Vigo,1904,3,1907
2022-11-09,Sevilla FC,2008,-12,1996,Real Sociedad,2044,12,2056
2022-11-09,RCD Mallorca,1908,12,1920,Atlético Madrid,2093,-12,2081
2022-11-09,Espanyol Barcelona,1883,-7,1876,Villarreal CF,2073,7,2080
2022-11-09,UD Almería,1871,8,1879,Getafe CF,1912,-8,1904
2022-11-08,CA Osasuna,1954,-6,1948,FC Barcelona,2202,6,2208
2022-11-08,Athletic Bilbao,2026,7,2033,Real Valladolid,1895,-7,1888
2022-11-08,Elche CF,1824,-12,1812,Girona FC,1856,12,1868
2022-11-07,Rayo Vallecano,1904,17,1921,Real Madrid,2318,-17,2301
2022-11-06,Real Betis,2121,-6,2115,Sevilla FC,2002,6,2008
2022-11-06,Real Sociedad,2049,-5,2044,Valencia CF,1965,5,1970
2022-11-06,Villarreal CF,2099,-26,2073,RCD Mallorca,1882,26,1908
2022-11-06,Atlético Madrid,2100,-7,2093,Espanyol Barcelona,1876,7,1883
2022-11-05,FC Barcelona,2200,2,2202,UD Almería,1873,-2,1871
2022-11-05,Celta Vigo,1916,-12,1904,CA Osasuna,1942,12,1954
2022-11-05,Getafe CF,1916,-4,1912,Cádiz CF,1872,4,1876
2022-11-05,Real Valladolid,1889,6,1895,Elche CF,1830,-6,1824
2022-11-04,Girona FC,1843,13,1856,Athletic Bilbao,2039,-13,2026
2022-10-31,Elche CF,1841,-11,1830,Getafe CF,1905,11,1916
2022-10-30,Real Sociedad,2081,-18,2063,Real Betis,2101,18,2119
2022-10-30,Athletic Bilbao,2029,10,2039,Villarreal CF,2138,-10,2128
2022-10-30,Real Madrid,2323,-9,2314,Girona FC,1834,9,1843
2022-10-30,CA Osasuna,1932,10,1942,Real Valladolid,1899,-10,1889
2022-10-29,Valencia CF,1972,-7,1965,FC Barcelona,2177,7,2184
2022-10-29,Cádiz CF,1858,14,1872,Atlético Madrid,2124,-14,2110
2022-10-29,Sevilla FC,2022,-16,2006,Rayo Vallecano,1888,16,1904
2022-10-29,UD Almería,1859,14,1873,Celta Vigo,1930,-14,1916
2022-10-28,RCD Mallorca,1885,-3,1882,Espanyol Barcelona,1873,3,1876
2022-10-24,Celta Vigo,1934,-4,1930,Getafe CF,1901,4,1905
2022-10-23,FC Barcelona,2193,7,2200,Athletic Bilbao,2036,-7,2029
2022-10-23,Real Betis,2105,-12,2093,Atlético Madrid,2122,12,2134
2022-10-23,Villarreal CF,2145,2,2147,UD Almería,1861,-2,1859
2022-10-23,Girona FC,1834,0,1834,CA Osasuna,1932,0,1932
2022-10-23,Espanyol Barcelona,1877,-4,1873,Elche CF,1837,4,1841
2022-10-22,Real Madrid,2342,2,2344,Sevilla FC,2014,-2,2012
2022-10-22,Real Valladolid,1886,13,1899,Real Sociedad,2090,-13,2077
2022-10-22,Valencia CF,1988,-16,1972,RCD Mallorca,1869,16,1885
2022-10-22,Rayo Vallecano,1875,13,1888,Cádiz CF,1871,-13,1858
2022-10-20,FC Barcelona,2181,12,2193,Villarreal CF,2157,-12,2145
2022-10-20,CA Osasuna,1926,6,1932,Espanyol Barcelona,1883,-6,1877
2022-10-20,UD Almería,1854,7,1861,Girona FC,1841,-7,1834
2022-10-19,Elche CF,1840,-3,1837,Real Madrid,2339,3,2342
2022-10-19,Cádiz CF,1867,4,1871,Real Betis,2109,-4,2105
2022-10-19,Real Sociedad,2087,3,2090,RCD Mallorca,1872,-3,1869
2022-10-19,Real Valladolid,1869,17,1886,Celta Vigo,1951,-17,1934
2022-10-18,Sevilla FC,2018,-4,2014,Valencia CF,1984,4,1988
2022-10-18,Atlético Madrid,2130,-8,2122,Rayo Vallecano,1867,8,1875
2022-10-18,Getafe CF,1900,1,1901,Athletic Bilbao,2037,-1,2036
2022-10-17,Villarreal CF,2153,4,2157,CA Osasuna,1930,-4,1926
2022-10-16,Real Madrid,2333,6,2339,FC Barcelona,2187,-6,2181
2022-10-16,Celta Vigo,1960,-9,1951,Real Sociedad,2078,9,2087
2022-10-16,Real Betis,2105,4,2109,UD Almería,1858,-4,1854
2022-10-16,Espanyol Barcelona,1876,7,1883,Real Valladolid,1876,-7,1869
2022-10-15,Athletic Bilbao,2048,-11,2037,Atlético Madrid,2119,11,2130
2022-10-15,RCD Mallorca,1881,-9,1872,Sevilla FC,2009,9,2018
2022-10-15,Valencia CF,1990,-6,1984,Elche CF,1834,6,1840
2022-10-15,Girona FC,1843,-2,1841,Cádiz CF,1865,2,1867
2022-10-14,Rayo Vallecano,1869,-2,1867,Getafe CF,1898,2,1900
2022-10-10,Elche CF,1836,-2,1834,RCD Mallorca,1879,2,1881
2022-10-09,Real Sociedad,2064,10,2074,Villarreal CF,2160,-10,2150
2022-10-09,FC Barcelona,2188,3,2191,Celta Vigo,1963,-3,1960
2022-10-09,Real Valladolid,1872,4,1876,Real Betis,2115,-4,2111
2022-10-09,Cádiz CF,1868,-3,1865,Espanyol Barcelona,1873,3,1876
2022-10-08,Getafe CF,1901,-3,1898,Real Madrid,2338,3,2341
2022-10-08,Sevilla FC,2003,-2,2001,Athletic Bilbao,2046,2,2048
2022-10-08,Atlético Madrid,2125,2,2127,Girona FC,1845,-2,1843
2022-10-08,UD Almería,1846,12,1858,Rayo Vallecano,1881,-12,1869
2022-10-07,CA Osasuna,1942,-12,1930,Valencia CF,1978,12,1990
2022-10-03,Rayo Vallecano,1875,6,1881,Elche CF,1842,-6,1836
2022-10-02,Real Madrid,2344,-9,2335,CA Osasuna,1933,9,1942
2022-10-02,Celta Vigo,1951,12,1963,Real Betis,2113,-12,2101
2022-10-02,Girona FC,1856,-11,1845,Real Sociedad,2043,11,2054
2022-10-02,Espanyol Barcelona,1873,0,1873,Valencia CF,1978,0,1978
2022-10-01,Sevilla FC,2049,-16,2033,Atlético Madrid,2133,16,2149
2022-10-01,RCD Mallorca,1884,-5,1879,FC Barcelona,2195,5,2200
2022-10-01,Cádiz CF,1863,5,1868,Villarreal CF,2163,-5,2158
2022-10-01,Getafe CF,1915,-14,1901,Real Valladolid,1858,14,1872
2022-09-30,Athletic Bilbao,2040,6,2046,UD Almería,1852,-6,1846
2022-09-18,Atlético Madrid,2140,-7,2133,Real Madrid,2337,7,2344
2022-09-18,Villarreal CF,2169,-6,2163,Sevilla FC,2043,6,2049
2022-09-18,Real Betis,2111,2,2113,Girona FC,1858,-2,1856
2022-09-18,Real Sociedad,2039,4,2043,Espanyol Barcelona,1877,-4,1873
2022-09-18,CA Osasuna,1955,-22,1933,Getafe CF,1893,22,1915
2022-09-17,FC Barcelona,2193,2,2195,Elche CF,1844,-2,1842
2022-09-17,Valencia CF,1966,12,1978,Celta Vigo,1963,-12,1951
2022-09-17,Athletic Bilbao,2036,4,2040,Rayo Vallecano,1879,-4,1875
2022-09-17,RCD Mallorca,1877,7,1884,UD Almería,1859,-7,1852
2022-09-16,Real Valladolid,1871,-13,1858,Cádiz CF,1850,13,1863
2022-09-12,UD Almería,1870,-11,1859,CA Osasuna,1944,11,1955
2022-09-11,Real Betis,2099,9,2108,Villarreal CF,2175,-9,2166
2022-09-11,Real Madrid,2331,1,2332,RCD Mallorca,1878,-1,1877
2022-09-11,Getafe CF,1881,12,1893,Real Sociedad,2050,-12,2038
2022-09-11,Elche CF,1858,-14,1844,Athletic Bilbao,2022,14,2036
2022-09-10,Atlético Madrid,2161,5,2166,Celta Vigo,1968,-5,1963
2022-09-10,Cádiz CF,1858,-8,1850,FC Barcelona,2195,8,2203
2022-09-10,Espanyol Barcelona,1885,-8,1877,Sevilla FC,2038,8,2046
2022-09-10,Rayo Vallecano,1869,10,1879,Valencia CF,1976,-10,1966
2022-09-09,Girona FC,1850,8,1858,Real Valladolid,1879,-8,1871
2022-09-05,Real Valladolid,1872,7,1879,UD Almería,1877,-7,1870
2022-09-04,Villarreal CF,2171,3,2174,Elche CF,1861,-3,1858
2022-09-04,Athletic Bilbao,2039,-17,2022,Espanyol Barcelona,1868,17,1885
2022-09-04,Valencia CF,1966,10,1976,Getafe CF,1891,-10,1881
2022-09-04,CA Osasuna,1938,6,1944,Rayo Vallecano,1875,-6,1869
2022-09-03,Real Madrid,2316,3,2319,Real Betis,2097,-3,2094
2022-09-03,Sevilla FC,2071,-18,2053,FC Barcelona,2167,18,2185
2022-09-03,Real Sociedad,2031,1,2032,Atlético Madrid,2152,-1,2151
2022-09-03,RCD Mallorca,1882,-4,1878,Girona FC,1846,4,1850
2022-09-02,Celta Vigo,1959,9,1968,Cádiz CF,1867,-9,1858
2022-08-29,Valencia CF,1974,-8,1966,Atlético Madrid,2144,8,2152
2022-08-29,Cádiz CF,1884,-17,1867,Athletic Bilbao,2022,17,2039
2022-08-28,Espanyol Barcelona,1872,-4,1868,Real Madrid,2312,4,2316
2022-08-28,Getafe CF,1886,5,1891,Villarreal CF,2176,-5,2171
2022-08-28,FC Barcelona,2163,4,2167,Real Valladolid,1876,-4,1872
2022-08-27,UD Almería,1864,13,1877,Sevilla FC,2084,-13,2071
2022-08-27,Elche CF,1869,-8,1861,Real Sociedad,2023,8,2031
2022-08-27,Rayo Vallecano,1895,-20,1875,RCD Mallorca,1862,20,1882
2022-08-26,Real Betis,2093,4,2097,CA Osasuna,1942,-4,1938
2022-08-26,Girona FC,1856,-10,1846,Celta Vigo,1949,10,1959
2022-08-22,Girona FC,1843,13,1856,Getafe CF,1899,-13,1886
2022-08-22,Elche CF,1872,-3,1869,UD Almería,1861,3,1864
2022-08-21,Atlético Madrid,2164,-20,2144,Villarreal CF,2151,20,2171
2022-08-21,Real Sociedad,2040,-17,2023,FC Barcelona,2146,17,2163
2022-08-21,Athletic Bilbao,2016,6,2022,Valencia CF,1980,-6,1974
2022-08-20,Celta Vigo,1956,-7,1949,Real Madrid,2305,7,2312
2022-08-20,RCD Mallorca,1869,-7,1862,Real Betis,2086,7,2093
2022-08-20,CA Osasuna,1933,9,1942,Cádiz CF,1893,-9,1884
2022-08-19,Sevilla FC,2091,-7,2084,Real Valladolid,1869,7,1876
2022-08-19,Espanyol Barcelona,1892,-20,1872,Rayo Vallecano,1875,20,1895
2022-08-15,Getafe CF,1910,-11,1899,Atlético Madrid,2153,11,2164
2022-08-15,Real Betis,2081,5,2086,Elche CF,1877,-5,1872
2022-08-15,Athletic Bilbao,2022,-6,2016,RCD Mallorca,1863,6,1869
2022-08-14,UD Almería,1864,-3,1861,Real Madrid,2302,3,2305
2022-08-14,Cádiz CF,1902,-9,1893,Real Sociedad,2031,9,2040
2022-08-14,Valencia CF,1976,4,1980,Girona FC,1847,-4,1843
2022-08-13,FC Barcelona,2154,-8,2146,Rayo Vallecano,1867,8,1875
2022-08-13,Real Valladolid,1879,-10,1869,Villarreal CF,2139,10,2149
2022-08-13,Celta Vigo,1961,-5,1956,Espanyol Barcelona,1887,5,1892
2022-08-12,CA Osasuna,1921,12,1933,Sevilla FC,2103,-12,2091
